  -5.1378731e+00
  -7.1644713e+00
  -8.1910695e+00
  -1.9217668e+01
  -2.8244266e+01
  -2.1270864e+01
  -1.1297462e+01
  -1.9324060e+01
   3.6493413e+00
  -1.5377257e+01
   9.5961449e+00
  -6.4304533e+00
  -1.8457051e+01
  -1.4836497e+00
  -3.4510248e+01
  -3.0536846e+01
  -3.1563444e+01
  -2.1590042e+01
  -1.5616641e+01
  -2.8643239e+01
  -4.3669837e+01
  -4.4696435e+01
  -2.9723033e+01
  -4.8749632e+01
  -2.5776230e+01
  -3.1802828e+01
  -5.9829426e+01
  -5.1856024e+01
  -6.5882623e+01
  -3.6909221e+01
  -3.9935819e+01
  -5.5962417e+01
  -5.0989015e+01
  -3.3015614e+01
  -5.4042212e+01
  -5.0068810e+01
  -6.3095408e+01
  -6.4122006e+01
  -4.2148605e+01
  -6.3175203e+01
  -5.5201801e+01
  -4.2228399e+01
  -5.2254997e+01
  -4.6281596e+01
  -4.1308194e+01
  -4.5334792e+01
  -6.6361390e+01
  -5.4387988e+01
  -5.5414587e+01
  -6.3441185e+01
  -3.1467783e+01
  -5.0494381e+01
  -3.8520979e+01
  -4.5547578e+01
  -5.3574176e+01
  -5.0600774e+01
  -3.7627372e+01
  -4.6653970e+01
  -3.3680569e+01
  -2.9707167e+01
  -1.9733765e+01
  -5.3760363e+01
  -4.4786961e+01
  -4.3813560e+01
  -4.9840158e+01
  -5.2866756e+01
  -5.6893354e+01
  -4.5919952e+01
  -2.6946551e+01
  -2.5973149e+01
  -1.9999747e+01
  -2.6026345e+01
  -1.4052943e+01
  -1.0079542e+01
   8.9386018e-01
  -1.3273802e-01
  -1.2159336e+01
  -1.7185934e+01
  -9.2125326e+00
  -3.2391308e+00
   6.7342710e+00
   3.3707673e+01
   1.6681075e+01
   2.0654476e+01
   5.4627878e+01
   3.1601280e+01
   3.8574682e+01
   4.3548084e+01
   4.2521485e+01
   5.3494887e+01
   4.9468289e+01
   3.7441691e+01
   6.1415093e+01
   3.8388494e+01
   4.5361896e+01
   6.5335298e+01
   3.7308700e+01
   6.2282102e+01
   5.1255503e+01
   5.7228905e+01
   3.6202307e+01
   6.9175709e+01
   6.1149111e+01
   4.9122512e+01
   5.2095914e+01
   3.0069316e+01
   4.1042718e+01
   5.8016120e+01
   4.0989521e+01
   6.5962923e+01
   3.6936325e+01
   6.2909727e+01
   3.5883129e+01
   3.5856530e+01
   2.4829932e+01
   3.7803334e+01
   4.2776736e+01
   3.5750138e+01
   4.6723539e+01
   3.1696941e+01
   2.1670343e+01
   2.8643745e+01
   2.7617147e+01
   3.2590548e+01
   1.7563950e+01
   1.9537352e+01
   1.3510754e+01
   3.9484156e+01
   1.3457557e+01
   7.4309592e+00
   2.1404361e+01
   5.3777628e+00
  -1.6488354e+00
  -6.6754336e+00
  -2.6702032e+01
  -4.7286300e+00
  -1.7552282e+00
   2.2181736e+00
   1.2191575e+01
  -1.9835023e+01
  -2.6861621e+01
  -7.8882192e+00
   5.0851826e+00
  -2.7941416e+01
  -9.6801376e-01
  -2.1994612e+01
  -2.0021210e+01
   1.5952192e+01
  -6.0744066e+00
  -1.6101005e+01
  -4.3127603e+01
  -1.6154201e+01
  -1.1180799e+01
  -8.2073975e+00
  -2.9233996e+01
  -2.2260594e+01
  -2.2871921e+00
  -2.5313790e+01
  -3.4340389e+01
  -4.3366987e+01
  -4.5393585e+01
  -4.6420183e+01
  -3.7446781e+01
  -5.6473380e+01
  -6.8499978e+01
  -5.6526576e+01
  -4.4553174e+01
  -3.1579772e+01
  -4.2606371e+01
  -3.6632969e+01
  -2.8659567e+01
  -5.8686165e+01
  -5.7712763e+01
  -5.7739362e+01
  -2.8765960e+01
  -4.9792558e+01
  -4.6819156e+01
  -3.2845754e+01
  -5.8872353e+01
  -3.1898951e+01
  -4.1925549e+01
  -5.6952147e+01
  -4.7978745e+01
  -4.3005344e+01
  -3.1031942e+01
  -3.6058540e+01
  -4.5085138e+01
  -5.0111736e+01
  -5.2138335e+01
  -4.6164933e+01
  -3.8191531e+01
  -5.5218129e+01
  -3.7244727e+01
  -3.1271326e+01
  -3.1297924e+01
  -4.5324522e+01
  -2.4351120e+01
  -5.4377718e+01
  -2.5404317e+01
  -2.0430915e+01
  -1.2457513e+01
  -1.9484111e+01
  -1.5107093e+00
  -2.4537308e+01
  -1.6563906e+01
  -1.9590504e+01
  -2.1617102e+01
   7.3562997e+00
  -4.6702985e+00
  -6.6968967e+00
   2.0276505e+01
   4.2499069e+00
   2.4223309e+01
   1.2196711e+01
   2.4170112e+01
   2.9143514e+01
   2.6116916e+01
   3.3090318e+01
   4.7063720e+01
   3.3037121e+01
   5.4010523e+01
   3.9983925e+01
   5.8957327e+01
   5.0930729e+01
   7.5904130e+01
   6.0877532e+01
   5.9850934e+01
   6.7824336e+01
   5.3797738e+01
   5.6771139e+01
   8.5744541e+01
   6.2717943e+01
   5.8691345e+01
   5.8664747e+01
   7.9638148e+01
   4.1611550e+01
   4.0584952e+01
   5.3558354e+01
   4.5531756e+01
   6.1505157e+01
   7.6478559e+01
   8.2451961e+01
   4.9425363e+01
   4.6398765e+01
   5.2372166e+01
   5.3345568e+01
   4.8318970e+01
   6.3292372e+01
   4.8265774e+01
   4.3239175e+01
   5.0212577e+01
   3.4185979e+01
   2.1159381e+01
   2.4132783e+01
   2.4106184e+01
   3.1079586e+01
   4.1052988e+01
   3.9026390e+01
   3.0999792e+01
   4.0973193e+01
   7.9465951e+00
   2.9199969e+00
   2.4893399e+01
   3.3866801e+01
   1.1840202e+01
   3.6813604e+01
  -1.1212994e+01
   6.7604078e+00
   4.7338096e+00
   2.4707211e+01
   4.6806132e+00
   6.6540150e+00
   1.8627417e+01
  -9.3991814e+00
  -1.4257796e+00
   1.3547622e+01
  -2.0478976e+01
  -1.2505574e+01
  -1.0532172e+01
  -1.3558771e+01
  -2.2585369e+01
  -1.6119670e+00
  -1.6638565e+01
  -2.3665163e+01
  -1.3691762e+01
  -3.1718360e+01
  -1.9744958e+01
  -1.2771556e+01
  -3.9798154e+01
  -3.2824753e+01
  -2.1851351e+01
  -2.4877949e+01
  -3.9904547e+01
  -3.1931145e+01
  -3.4957744e+01
  -4.4984342e+01
  -4.9010940e+01
  -3.0037538e+01
  -3.5064136e+01
  -4.5090735e+01
  -2.5117333e+01
  -5.0143931e+01
  -4.7170529e+01
  -6.0197127e+01
  -3.7223726e+01
  -5.2250324e+01
  -5.3276922e+01
  -4.1303520e+01
  -4.5330118e+01
  -3.9356717e+01
  -5.2383315e+01
  -5.6409913e+01
  -5.1436511e+01
  -4.4463109e+01
  -6.3489708e+01
  -5.1516306e+01
  -5.9542904e+01
  -7.6569502e+01
  -6.1596100e+01
  -5.9622699e+01
  -3.1649297e+01
  -6.2675895e+01
  -4.7702493e+01
  -4.8729091e+01
  -4.0755690e+01
  -4.0782288e+01
  -3.8808886e+01
  -4.8835484e+01
  -3.5862082e+01
  -5.2888681e+01
  -6.3915279e+01
  -5.7941877e+01
  -3.7968475e+01
  -5.2995073e+01
  -2.9021672e+01
  -3.4048270e+01
  -4.2074868e+01
  -2.5101466e+01
  -2.7128064e+01
  -2.6154663e+01
  -5.1812608e+00
  -1.7207859e+01
  -1.9234457e+01
  -1.1261055e+01
  -3.0287654e+01
  -2.3142518e+00
   1.1659150e+01
  -3.3674482e+00
  -4.3940464e+00
   3.4579355e+01
   1.0552757e+01
   1.4526159e+01
   4.7499561e+01
   2.8472963e+01
   4.9446364e+01
   3.2419766e+01
   3.3393168e+01
   1.5366570e+01
   3.3339972e+01
   2.7313373e+01
   2.9286775e+01
   5.0260177e+01
   3.0233579e+01
   5.7206981e+01
   4.2180382e+01
   4.7153784e+01
   6.3127186e+01
   6.4100588e+01
   6.1073990e+01
   4.5047391e+01
   4.1020793e+01
   5.9994195e+01
   4.9967597e+01
   4.8940999e+01
   3.9914400e+01
   6.4887802e+01
   5.4861204e+01
   5.8834606e+01
   3.0808008e+01
   4.8781409e+01
   5.8754811e+01
   4.1728213e+01
   3.5701615e+01
   5.5675017e+01
   4.2648418e+01
   3.4621820e+01
   4.0595222e+01
   4.3568624e+01
   3.8542026e+01
   3.8515427e+01
   2.6488829e+01
   1.6462231e+01
   3.6435633e+01
   1.3409035e+01
   2.4382436e+01
   7.3558383e+00
   2.0329240e+01
   1.9302642e+01
   3.2276044e+01
   1.1249445e+01
   2.5222847e+01
  -1.5803751e+01
   1.4169651e+01
   1.4143053e+01
   1.9116454e+01
   1.1089856e+01
   2.8063258e+01
   3.6659873e-02
  -1.1989938e+01
  -1.7016537e+01
  -6.0431347e+00
  -1.8069733e+01
  -4.0963311e+00
  -1.5122929e+01
   8.8504725e+00
   1.8238743e+00
   4.7972761e+00
  -7.2293221e+00
  -3.2559203e+00
  -8.2825185e+00
  -3.3091167e+00
  -1.8335715e+01
  -1.1362313e+01
  -8.3889113e+00
  -2.1415510e+01
  -9.4421077e+00
  -2.4468706e+01
  -1.8495304e+01
  -2.9521902e+01
  -3.4548501e+01
  -7.5750987e+00
  -3.4601697e+01
  -3.8628295e+01
  -3.0654893e+01
  -2.0681492e+01
  -4.3708090e+01
  -2.8734688e+01
  -2.9761286e+01
  -4.9787884e+01
  -3.2814482e+01
  -4.4841081e+01
  -4.5867679e+01
  -5.5894277e+01
  -4.9920875e+01
  -3.5947473e+01
  -5.2974072e+01
  -5.1000670e+01
  -4.4027268e+01
  -2.9053866e+01
  -3.3080464e+01
  -3.6107063e+01
  -4.2133661e+01
  -5.8160259e+01
  -5.5186857e+01
  -3.5213455e+01
  -4.1240054e+01
  -2.0266652e+01
  -3.3293250e+01
  -4.6319848e+01
  -5.1346446e+01
  -2.4373045e+01
  -3.0399643e+01
  -2.8426241e+01
  -2.9452839e+01
  -4.4479437e+01
  -4.3506036e+01
  -2.5532634e+01
  -2.5559232e+01
  -4.0585830e+01
  -1.7612428e+01
  -2.5639027e+01
  -3.4665625e+01
  -1.2692223e+01
   6.2811787e+00
  -7.7454195e+00
  -3.6772018e+01
  -1.0798616e+01
   4.1747859e+00
  -7.8518123e+00
   4.1215895e+00
  -9.9050087e+00
   1.8068393e+01
   1.0417949e+00
   4.4015197e+01
   1.0988599e+01
   3.4962000e+01
   3.9935402e+01
   2.0908804e+01
   2.8882206e+01
   4.5855608e+01
   2.1829009e+01
   5.0802411e+01
   4.9775813e+01
   5.9749215e+01
   2.7722617e+01
   6.6696018e+01
   2.7669420e+01
   6.1642822e+01
   4.5616224e+01
   4.6589626e+01
   4.8563027e+01
   5.8536429e+01
   5.5509831e+01
   5.3483233e+01
   5.2456635e+01
   2.5430036e+01
   2.4403438e+01
   3.4376840e+01
   3.1350242e+01
   2.6323644e+01
   4.4297045e+01
   3.5270447e+01
   3.4243849e+01
   5.8217251e+01
   3.2190653e+01
   1.8164054e+01
   5.9137456e+01
   5.1110858e+01
   4.5084260e+01
   2.4057662e+01
   2.4031063e+01
   4.3004465e+01
   3.5977867e+01
   2.5951269e+01
   3.5924671e+01
   2.0898072e+01
   4.8714742e+00
   7.8448760e+00
   2.8818278e+01
   4.9791680e+01
   7.7650814e+00
   6.7384832e+00
   3.2711885e+01
   1.3685287e+01
   1.7658689e+01
  -1.3679096e+00
  -4.3945078e+00
  -4.2110601e-01
  -1.4447704e+01
   2.0525698e+01
   8.4990994e+00
  -9.5274988e+00
  -1.5540970e+00
  -2.5806952e+00
  -1.3607293e+01
   9.3661084e+00
   5.3395102e+00
  -1.6870880e+00
   5.2863138e+00
  -2.5740284e+01
  -1.4766883e+01
  -2.5793481e+01
  -3.5820079e+01
  -1.8846677e+01
  -1.9873275e+01
  -3.1899874e+01
   7.3528203e-02
  -2.3953070e+01
  -1.9979668e+01
  -2.5006266e+01
  -4.2032865e+01
  -6.3059463e+01
  -3.7086061e+01
  -2.6112659e+01
  -3.3139257e+01
  -3.5165856e+01
  -3.1192454e+01
  -2.3219052e+01
  -2.7245650e+01
  -2.8272248e+01
  -6.3298847e+01
  -3.5325445e+01
  -3.2352043e+01
  -2.9378641e+01
  -5.6405239e+01
  -5.3431838e+01
  -4.0458436e+01
  -4.5485034e+01
  -5.6511632e+01
  -2.7538230e+01
  -5.9564829e+01
  -1.9591427e+01
  -4.0618025e+01
  -4.2644623e+01
  -3.4671221e+01
  -3.3697820e+01
  -3.4724418e+01
  -3.7751016e+01
  -3.7777614e+01
  -1.7804212e+01
  -3.1830811e+01
  -4.1857409e+01
  -3.0884007e+01
  -4.2910605e+01
  -5.6937203e+01
  -2.8963802e+01
  -2.2990400e+01
  -3.4016998e+01
  -3.0043596e+01
  -4.1070194e+01
  -5.0096793e+01
  -3.5123391e+01
  -3.1149989e+01
  -3.0176587e+01
  -5.1203185e+01
   5.7702164e+00
  -1.6256382e+01
  -3.2829800e+00
  -4.3095782e+00
  -1.0336176e+01
  -2.2362775e+01
  -1.9389373e+01
  -7.4159709e+00
   2.2557431e+01
  -1.4691673e+00
   3.3504234e+01
   2.1477636e+01
   2.9451038e+01
   2.0424440e+01
   3.1397842e+01
   3.1371243e+01
   2.2344645e+01
   6.5318047e+01
   5.4291449e+01
   6.0264851e+01
   6.9238252e+01
   4.5211654e+01
   6.7185056e+01
   6.2158458e+01
   5.5131860e+01
   3.8105261e+01
   5.3078663e+01
   5.5052065e+01
   3.8025467e+01
   7.0998869e+01
   6.0972270e+01
   5.5945672e+01
   4.6919074e+01
   5.5892476e+01
   3.5865878e+01
   8.7839279e+01
   6.1812681e+01
   5.7786083e+01
   7.0759485e+01
   4.8732887e+01
   4.1706288e+01
   4.2679690e+01
   7.5653092e+01
   6.1626494e+01
   4.8599896e+01
   3.0573297e+01
   3.9546699e+01
   5.0520101e+01
   2.0493503e+01
   6.2466905e+01
   3.3440306e+01
   5.6413708e+01
   4.1387110e+01
   5.3360512e+01
   1.6333914e+01
   3.0307315e+01
   2.0280717e+01
   4.6254119e+01
   2.4227521e+01
   2.9200923e+01
   2.9174324e+01
   3.7147726e+01
   1.5121128e+01
   1.5094530e+01
   1.2067932e+01
   3.0041334e+01
   2.2014735e+01
   9.8813710e-01
   1.0961539e+01
   8.9349407e+00
   7.9083425e+00
   1.4881744e+01
  -3.1448539e+00
  -1.2171452e+01
  -1.9805029e-01
  -2.2246485e+00
   4.7487533e+00
   1.1722155e+01
   6.9555691e-01
  -2.2331041e+01
  -2.3576395e+00
  -2.3384238e+01
  -1.7410836e+01
  -6.4374341e+00
  -1.2464032e+01
  -4.3490630e+01
  -2.1517229e+01
  -2.6543827e+01
  -2.8570425e+01
  -1.0597023e+01
  -5.6236215e+00
  -3.4650220e+01
  -3.9676818e+01
  -4.2703416e+01
  -3.2730014e+01
  -3.6756612e+01
  -5.0783211e+01
  -3.9809809e+01
  -4.6836407e+01
  -5.8630053e+00
  -3.9889603e+01
  -3.7916202e+01
  -2.9942800e+01
  -3.1969398e+01
  -1.2995996e+01
  -5.4022594e+01
  -5.9049193e+01
  -3.8075791e+01
  -6.5102389e+01
  -4.0128987e+01
  -4.5155585e+01
  -1.9182184e+01
  -6.0208782e+01
  -4.6235380e+01
  -3.2261978e+01
  -3.2288576e+01
  -5.3315175e+01
  -3.7341773e+01
  -3.7368371e+01
  -3.4394969e+01
  -4.1421567e+01
  -4.3448166e+01
  -4.1474764e+01
  -5.3501362e+01
  -3.6527960e+01
  -5.3554558e+01
  -4.2581157e+01
  -4.3607755e+01
  -5.0634353e+01
  -3.9660951e+01
  -4.9687549e+01
  -2.0714148e+01
  -3.9740746e+01
  -3.4767344e+01
  -7.9394224e-01
  -3.0820540e+01
  -1.2847139e+01
  -1.8873737e+01
  -1.4900335e+01
  -1.3926933e+01
  -6.9535314e+00
  -1.8980130e+01
  -1.1006728e+01
  -3.0333260e+00
  -1.0599242e+00
  -1.6086522e+01
  -1.2113121e+01
  -1.3971883e-01
  -7.1663170e+00
   2.6807085e+01
   3.5780487e+01
   4.0753888e+01
   3.7727290e+01
   3.4700692e+01
   3.6674094e+01
   3.5647496e+01
   3.6620897e+01
   5.2594299e+01
   1.5567701e+01
   1.9541103e+01
   5.7514505e+01
   5.1487906e+01
   4.0461308e+01
   5.8434710e+01
   2.6408112e+01
   5.8381514e+01
   5.0354915e+01
   6.1328317e+01
   3.6301719e+01
   5.0275121e+01
   3.7248523e+01
   5.2221924e+01
   5.6195326e+01
   4.5168728e+01
   4.8142130e+01
   5.5115532e+01
   5.1088933e+01
   5.9062335e+01
   4.9035737e+01
   5.2009139e+01
   4.4982541e+01
   3.1955942e+01
   5.4929344e+01
   5.1902746e+01
   2.7876148e+01
   5.5849550e+01
   3.9822951e+01
   3.2796353e+01
   3.3769755e+01
   2.0743157e+01
   6.3716559e+01
   4.0689960e+01
   3.2663362e+01
   4.7636764e+01
   3.3610166e+01
   2.2583568e+01
   3.0556969e+01
   9.5303712e+00
   2.9503773e+01
   2.6477175e+01
   3.6450577e+01
   2.4423978e+01
   2.2397380e+01
   1.8370782e+01
   1.7344184e+01
   2.1317586e+01
   3.7290987e+01
   3.6264389e+01
   1.6237791e+01
   8.2111928e+00
  -9.8154054e+00
  -2.1842004e+01
   1.2131398e+01
   4.1048000e+00
   6.0782018e+00
   8.0516036e+00
  -9.7499457e-01
  -6.0015928e+00
  -9.0281910e+00
  -1.4054789e+01
  -2.3081387e+01
  -2.1107986e+01
  -1.8134584e+01
  -7.1611820e+00
  -1.9187780e+01
  -1.4214378e+01
  -2.4240977e+01
  -4.0267575e+01
  -5.2941730e+00
  -1.6320771e+01
  -1.6347369e+01
  -3.0373968e+01
  -8.4005658e+00
  -2.2427164e+01
  -4.5453762e+01
  -4.1480360e+01
  -3.5506959e+01
  -4.0533557e+01
  -2.4560155e+01
  -3.0586753e+01
  -3.7613351e+01
  -1.6639950e+01
  -3.1666548e+01
  -3.6693146e+01
  -2.8719744e+01
  -3.3746342e+01
  -4.4772941e+01
  -3.5799539e+01
  -4.6826137e+01
  -1.9852735e+01
  -3.1879333e+01
  -5.8905932e+01
  -4.5932530e+01
  -5.4959128e+01
  -4.9985726e+01
  -2.6012324e+01
  -2.9038923e+01
  -2.5065521e+01
  -2.0092119e+01
  -2.9118717e+01
  -3.4145315e+01
  -2.1171914e+01
  -3.9198512e+01
  -2.4225110e+01
  -2.9251708e+01
  -4.9278306e+01
  -3.0304905e+01
  -3.6331503e+01
  -1.5358101e+01
  -2.7384699e+01
  -1.2411297e+01
   4.5621045e+00
  -2.4464494e+01
  -2.1491092e+01
  -2.8517690e+01
  -2.5442883e+00
   1.7429113e+01
   1.2402515e+01
   9.3759171e+00
  -1.4650681e+01
   1.8322721e+01
   4.2961225e+00
   1.7269524e+01
   3.1242926e+01
   2.3216328e+01
   5.0189730e+01
   2.1163131e+01
   2.1136533e+01
   3.5109935e+01
   3.7083337e+01
   4.5056739e+01
   3.0030140e+01
   5.6003542e+01
   4.4976944e+01
   4.4950346e+01
   4.6923748e+01
   3.4897150e+01
   6.3870551e+01
   5.2843953e+01
   6.4817355e+01
   5.3790757e+01
   4.7764159e+01
   4.5737560e+01
   3.6710962e+01
   6.0684364e+01
   4.6657766e+01
   4.9631168e+01
   3.7604569e+01
   6.4577971e+01
   5.2551373e+01
   3.4524775e+01
   4.9498177e+01
   5.0471578e+01
   3.4444980e+01
   3.8418382e+01
   3.6391784e+01
   3.0365186e+01
   3.2338587e+01
   3.3311989e+01
   5.1285391e+01
   4.6258793e+01
   2.9232195e+01
   4.2205596e+01
   2.1178998e+01
   3.6152400e+01
   3.5125802e+01
   2.8099204e+01
   4.7072605e+01
   4.5046007e+01
   5.0194089e+00
   2.2992811e+01
   3.6966213e+01
   2.4939614e+01
   3.5913016e+01
   3.0886418e+01
   4.8598197e+00
   1.0833222e+01
   2.0806623e+01
   2.3780025e+01
   7.5342694e-01
   1.2726829e+01
  -8.2997695e+00
   3.6736323e+00
   1.5647034e+01
   9.6204359e+00
  -1.0406162e+01
  -5.4327605e+00
  -9.4593587e+00
  -9.4859569e+00
  -4.5125551e+00
  -2.7539153e+01
  -6.5657514e+00
  -1.4592350e+01
  -1.6618948e+01
  -1.2645546e+01
  -1.2672144e+01
  -2.3698742e+01
  -2.3725341e+01
  -2.4751939e+01
  -2.8778537e+01
  -1.4805135e+01
  -1.0831733e+01
  -4.6858332e+01
  -3.3884930e+01
  -3.3911528e+01
  -2.6938126e+01
  -2.9964724e+01
  -3.2991323e+01
  -3.1017921e+01
  -1.5044519e+01
  -5.2071117e+01
  -3.1097715e+01
  -3.8124314e+01
  -4.5150912e+01
  -3.7177510e+01
  -4.2204108e+01
  -3.6230706e+01
  -4.2257305e+01
  -1.6283903e+01
  -3.9310501e+01
  -5.1337099e+01
  -5.0363697e+01
  -4.7390296e+01
  -3.7416894e+01
  -5.3443492e+01
  -2.9470090e+01
  -6.0496688e+01
  -3.6523287e+01
  -4.0549885e+01
  -4.9576483e+01
  -4.7603081e+01
  -1.8629679e+01
  -1.8656278e+01
  -4.1682876e+01
  -2.8709474e+01
  -4.2736072e+01
  -1.6762670e+01
  -4.4789269e+01
  -4.0815867e+01
  -3.2842465e+01
  -2.5869063e+01
  -1.2895661e+01
  -3.0922260e+01
  -1.7948858e+01
  -3.4975456e+01
  -2.3002054e+01
  -3.9028652e+01
  -3.0055251e+01
  -1.2081849e+01
  -1.3108447e+01
  -2.1135045e+01
  -1.8161643e+01
  -9.1882416e+00
   4.7851602e+00
   2.7585620e+00
   1.2731964e+01
   3.0705366e+01
   3.0678767e+01
   4.9652169e+01
   4.7625571e+01
   3.9598973e+01
   2.2572375e+01
   2.8545776e+01
   1.5519178e+01
   2.8492580e+01
   6.1465982e+01
   4.7439384e+01
   5.4412785e+01
   4.7386187e+01
   6.2359589e+01
   7.5332991e+01
   3.5306393e+01
   5.6279794e+01
   4.4253196e+01
   3.7226598e+01
   5.8200000e+01
   4.7173402e+01
   5.1146803e+01
   6.4120205e+01
   5.1093607e+01
   6.7067009e+01
   5.2040411e+01
   3.6013812e+01
   3.1987214e+01
   4.1960616e+01
   3.0934018e+01
   5.9907420e+01
   6.2880821e+01
   5.5854223e+01
   5.1827625e+01
   5.2801027e+01
   4.7774429e+01
   5.2747830e+01
   4.8721232e+01
   5.1694634e+01
   2.8668036e+01
   6.6641438e+01
   4.6614839e+01
   6.1588241e+01
   3.9561643e+01
   2.7535045e+01
   3.9508447e+01
   2.9481848e+01
   2.8455250e+01
   3.0428652e+01
  -1.5979462e+00
   2.0375456e+01
   1.7348857e+01
   1.1322259e+01
  -3.7043389e+00
   6.2690629e+00
   1.5242465e+01
   8.2158665e+00
   6.1892683e+00
   2.0162670e+01
  -5.8639281e+00
   2.1094737e+00
   1.9082875e+01
   4.0562773e+00
   1.4029679e+01
   6.0030809e+00
   1.0976483e+01
  -1.2050116e+01
  -3.0767137e+00
   1.8966881e+00
  -2.2129910e+01
  -2.8156508e+01
  -1.1831065e+00
  -2.5209705e+01
  -3.2363029e+00
  -1.9262901e+01
  -3.3289499e+01
  -1.6316098e+01
  -2.7342696e+01
  -4.1369294e+01
  -2.1395892e+01
  -3.3422490e+01
  -2.3449089e+01
  -2.0475687e+01
  -2.1502285e+01
  -1.7528883e+01
  -3.8555481e+01
  -3.2582080e+01
  -3.0608678e+01
  -2.7635276e+01
  -4.9661874e+01
  -2.5688472e+01
  -4.3715071e+01
  -4.6741669e+01
  -4.9768267e+01
  -4.6794865e+01
  -3.8821463e+01
  -4.9848062e+01
  -4.9874660e+01
  -6.0901258e+01
  -3.1927856e+01
  -6.1954454e+01
  -4.5981053e+01
  -3.7007651e+01
  -7.4034249e+01
  -3.5060847e+01
  -5.9087445e+01
  -4.1114044e+01
  -4.2140642e+01
  -5.5167240e+01
  -3.1193838e+01
  -5.0220436e+01
  -4.5247034e+01
  -2.9273633e+01
  -3.8300231e+01
  -5.1326829e+01
  -5.4353427e+01
  -4.5380025e+01
  -4.3406624e+01
  -4.3433222e+01
  -2.0459820e+01
  -2.9486418e+01
  -5.5130165e+00
  -4.0539615e+01
  -3.0566213e+01
  -1.6592811e+01
  -3.0619409e+01
  -1.1646007e+01
  -2.0672606e+01
  -1.6699204e+01
  -2.4725802e+01
  -1.1752400e+01
  -1.7778998e+01
  -2.8055967e+00
   2.1167805e+01
  -3.8587931e+00
   1.9114609e+01
   2.5088011e+01
   3.9061412e+01
   4.0034814e+01
   3.0008216e+01
   3.2981618e+01
   2.5955020e+01
   4.4928421e+01
   3.0901823e+01
   6.7875225e+01
   5.3848627e+01
   4.6822029e+01
   4.9795430e+01
   4.4768832e+01
   2.5742234e+01
   3.0715636e+01
   7.0689038e+01
   4.5662439e+01
   5.4635841e+01
   5.3609243e+01
   6.0582645e+01
   2.0556047e+01
   6.0529448e+01
   3.7502850e+01
   4.0476252e+01
   4.0449654e+01
   5.6423056e+01
   6.7396457e+01
   4.6369859e+01
   4.8343261e+01
   3.6316663e+01
   4.0290065e+01
   5.2263466e+01
   4.6236868e+01
   4.1210270e+01
   2.6183672e+01
   2.8157074e+01
   5.1130475e+01
   3.7103877e+01
   5.6077279e+01
   2.4050681e+01
   3.2024083e+01
   3.0997484e+01
   3.3970886e+01
   2.0944288e+01
   3.5917690e+01
   3.3891092e+01
   3.1864493e+01
   1.2837895e+01
   1.5811297e+01
   1.8784699e+01
   1.6758101e+01
   7.3150237e-01
   2.4704904e+01
   1.3678306e+01
   2.4651708e+01
   5.6251096e+00
   3.3598511e+01
   2.5719132e+00
   6.5453150e+00
  -4.8128322e-01
  -1.4507881e+01
   6.4655204e+00
  -5.6107782e-01
   5.4123240e+00
  -1.2614274e+01
  -1.8640872e+01
  -1.0667471e+01
  -3.6940688e+00
  -1.1720667e+01
  -1.3747265e+01
  -3.8773863e+01
  -3.5800462e+01
  -2.7827060e+01
  -1.1853658e+01
  -1.7880256e+01
  -1.1906854e+01
  -9.9334526e+00
  -3.6960051e+01
  -3.6986649e+01
  -2.9013247e+01
  -3.3039845e+01
  -3.9066444e+01
  -2.4093042e+01
  -2.3119640e+01
  -2.6146238e+01
  -1.5172836e+01
  -3.4199435e+01
  -4.1226033e+01
   9.7473690e+00
  -4.1279229e+01
  -3.7305827e+01
  -2.9332426e+01
  -2.6359024e+01
  -4.8385622e+01
  -5.2412220e+01
  -4.2438818e+01
  -3.1465417e+01
  -4.2492015e+01
  -5.7518613e+01
  -6.4545211e+01
  -5.4571809e+01
  -4.1598408e+01
  -4.1625006e+01
  -6.4651604e+01
  -2.7678202e+01
  -4.4704800e+01
  -5.6731399e+01
  -4.9757997e+01
  -2.8784595e+01
  -3.3811193e+01
  -3.7837791e+01
  -9.8643896e+00
  -4.5890988e+01
  -4.5917586e+01
  -4.1944184e+01
  -2.2970782e+01
  -1.8997381e+01
  -2.1023979e+01
  -5.1050577e+01
  -2.2077175e+01
  -2.3103773e+01
  -2.0130372e+01
   2.8430302e+00
  -2.1835680e+00
  -2.8210166e+01
   7.7632356e+00
  -2.6336257e-01
   2.5710039e+01
   9.6834410e+00
   2.2656843e+01
   1.0630245e+01
   2.2603646e+01
   3.5577048e+01
   2.0550450e+01
   1.9523852e+01
   5.7497254e+01
   4.0470655e+01
   2.0444057e+01
   5.0417459e+01
   3.7390861e+01
   5.7364263e+01
   4.3337664e+01
   4.5311066e+01
   6.3284468e+01
   5.7257870e+01
   4.7231272e+01
   6.1204673e+01
   6.0178075e+01
   6.6151477e+01
   6.6124879e+01
   5.8098281e+01
   2.2071682e+01
   6.5045084e+01
   5.0018486e+01
   2.4991888e+01
   4.5965290e+01
   4.5938691e+01
   2.1912093e+01
   5.3885495e+01
   6.4858897e+01
   4.4832299e+01
   4.9805700e+01
   4.3779102e+01
   3.3752504e+01
   3.1725906e+01
   3.1699308e+01
   3.7672709e+01
   1.0646111e+01
   3.1619513e+01
   2.9592915e+01
   3.6566317e+01
   3.3539718e+01
   3.3513120e+01
   4.5486522e+01
   3.0459924e+01
   2.0433326e+01
   2.9406727e+01
   2.0380129e+01
   2.6353531e+01
  -1.6730671e+00
   3.9300335e+01
   2.5273736e+01
   2.6247138e+01
   2.7220540e+01
   1.9193942e+01
  -2.8326563e+00
   1.2140745e+01
   7.1141473e+00
   1.1087549e+01
   2.0609509e+00
  -1.1965647e+01
   1.0007754e+01
   1.9811563e+00
  -4.5441907e-02
  -3.3072040e+01
  -7.0986383e+00
  -2.0125237e+01
  -2.4151835e+01
  -1.8178433e+01
   7.7949689e+00
  -9.2316293e+00
  -1.2258228e+01
  -2.2284826e+01
  -2.1311424e+01
  -1.2338022e+01
  -1.6364620e+01
  -2.0391218e+01
  -4.0417817e+01
  -4.6444415e+01
  -3.5471013e+01
  -3.9497611e+01
  -4.1524209e+01
  -2.4550808e+01
  -3.7577406e+01
  -3.1604004e+01
  -6.3630602e+01
  -4.9657200e+01
  -2.8683799e+01
  -9.7103969e+00
  -6.1736995e+01
  -3.6763593e+01
  -4.3790191e+01
  -5.8816790e+01
  -7.3843388e+01
  -1.5869986e+01
  -2.2896584e+01
  -3.5923182e+01
  -4.0949781e+01
  -2.4976379e+01
  -4.1002977e+01
  -3.7029575e+01
  -3.7056173e+01
  -3.2082772e+01
  -4.3109370e+01
  -4.9135968e+01
  -5.0162566e+01
  -3.0189164e+01
  -3.4215763e+01
  -3.8242361e+01
  -6.4268959e+01
  -3.9295557e+01
  -2.7322155e+01
  -3.5348754e+01
  -4.8375352e+01
  -2.9401950e+01
  -3.3428548e+01
  -2.9455146e+01
  -2.9481745e+01
  -3.6508343e+01
  -2.2534941e+01
  -2.0561539e+01
  -2.0588137e+01
  -8.6147357e+00
  -1.1641334e+01
  -5.6679321e+00
   1.6305470e+01
  -5.7211285e+00
  -6.7477267e+00
   1.4225675e+01
   2.2199077e+01
   1.3172479e+01
   4.3145881e+01
   3.6119282e+01
   3.4092684e+01
   2.6066086e+01
   2.5039488e+01
   4.2012890e+01
   3.8986291e+01
   5.7959693e+01
   4.5933095e+01
   4.2906497e+01
   4.8879899e+01
   4.7853300e+01
   3.9826702e+01
   5.4800104e+01
   4.2773506e+01
   6.7746908e+01
   4.8720309e+01
   3.7693711e+01
   6.3667113e+01
   4.5640515e+01
   2.7613917e+01
   5.6587318e+01
   6.1560720e+01
   4.1534122e+01
   5.0507524e+01
   6.3480926e+01
   3.4454327e+01
   3.4427729e+01
   6.2401131e+01
   6.5374533e+01
   4.9347935e+01
   4.0321336e+01
   4.9294738e+01
   3.7268140e+01
   3.8241542e+01
   6.8214944e+01
   3.3188345e+01
   3.6161747e+01
   3.5135149e+01
   4.5108551e+01
   2.8081953e+01
   4.6055354e+01
   4.0028756e+01
   1.8002158e+01
   1.8975560e+01
   3.6948962e+01
   2.9922363e+01
   1.9895765e+01
   4.9869167e+01
   3.7842569e+01
   1.2815971e+01
  -4.2106276e+00
   6.7627742e+00
   2.3736176e+01
   2.3709578e+01
   2.4682980e+01
   1.7656381e+01
   1.4629783e+01
   2.1603185e+01
   1.4576587e+01
  -1.5450011e+01
   1.5523390e+01
   4.9679221e-01
   1.1470194e+01
   3.4435958e+00
   1.4169976e+00
   1.7390399e+01
  -1.9636199e+01
  -7.6627970e+00
  -6.6893952e+00
  -3.7159934e+00
  -9.7425916e+00
  -2.6769190e+01
  -2.8795788e+01
  -1.2822386e+01
  -3.6848984e+01
   1.2441742e-01
  -1.7902181e+01
  -2.9928779e+01
  -2.1955377e+01
  -3.4981975e+01
  -2.3008574e+01
  -2.2035172e+01
  -3.8061770e+01
  -2.9088368e+01
  -4.9114966e+01
  -2.2141565e+01
  -4.8168163e+01
  -4.3194761e+01
  -4.3221359e+01
  -2.2247957e+01
  -3.4274556e+01
  -1.8301154e+01
  -1.6327752e+01
  -4.9354350e+01
  -5.5380948e+01
  -6.0407547e+01
  -4.0434145e+01
  -3.9460743e+01
  -6.7487341e+01
  -2.2513939e+01
  -4.4540538e+01
  -6.6567136e+01
  -2.1593734e+01
  -3.8620332e+01
  -3.2646930e+01
  -3.0673529e+01
  -6.9700127e+01
  -4.7726725e+01
  -4.9753323e+01
  -3.8779921e+01
  -4.9806520e+01
  -1.1833118e+01
  -3.6859716e+01
  -2.3886314e+01
  -3.0912912e+01
  -4.1939511e+01
  -3.1966109e+01
  -4.3992707e+01
  -2.9019305e+01
  -3.4045903e+01
  -2.1072502e+01
  -4.7099100e+01
  -2.6125698e+01
  -2.1152296e+01
  -3.5178894e+01
  -1.7205493e+01
  -6.2320907e+00
  -1.8258689e+01
   1.2714713e+01
   8.6881147e+00
  -4.3384835e+00
  -1.2365082e+01
  -9.3916799e+00
   8.5817219e+00
   6.5551237e+00
   4.0528525e+01
   4.5501927e+01
   1.3475329e+01
   3.3448731e+01
   4.6422133e+01
   3.1395534e+01
   3.5368936e+01
   4.6342338e+01
   6.1315740e+01
   5.1289142e+01
   3.9262543e+01
   4.2235945e+01
   5.2209347e+01
   5.6182749e+01
   5.3156151e+01
   5.2129552e+01
   6.3102954e+01
   6.0076356e+01
   4.2049758e+01
   5.0023160e+01
   4.2996561e+01
   5.2969963e+01
   4.6943365e+01
   4.4916767e+01
   2.1890169e+01
   4.3863570e+01
   5.7836972e+01
   4.8810374e+01
   3.8783776e+01
   5.1757178e+01
   5.9730579e+01
   2.8703981e+01
   5.6677383e+01
   2.9650785e+01
   5.8624187e+01
   4.8597589e+01
   4.3570990e+01
   3.8544392e+01
   2.1517794e+01
   3.6491196e+01
   3.2464598e+01
   3.1437999e+01
   2.2411401e+01
   7.3848029e+00
   1.8358205e+01
   2.9331607e+01
   3.8305008e+01
   3.0278410e+01
   2.9251812e+01
   1.5225214e+01
   2.2198616e+01
   1.0172017e+01
   2.6145419e+01
   4.3118821e+01
   1.6092223e+01
   2.8065625e+01
   2.0039026e+01
   1.8012428e+01
  -2.0141701e+00
   9.5923172e-01
  -6.7366478e-02
   2.8906035e+01
   8.8794371e+00
  -6.1471611e+00
   1.6826241e+01
  -1.8200357e+01
  -1.5226956e+01
  -2.2535539e+00
   4.7198479e+00
  -3.3067503e+00
  -2.2333348e+01
  -1.7359947e+01
  -2.3386545e+01
  -1.5413143e+01
  -3.4397413e+00
  -1.1466339e+01
  -2.0492938e+01
  -1.8519536e+01
  -1.3546134e+01
  -2.1572732e+01
  -4.5599330e+01
  -4.3625929e+01
  -2.6652527e+01
  -1.9679125e+01
  -4.2705723e+01
  -3.1732321e+01
  -2.1758920e+01
  -2.5785518e+01
  -3.6812116e+01
  -5.9838714e+01
  -3.4865312e+01
  -1.9891911e+01
  -5.1918509e+01
  -3.8945107e+01
  -6.3971705e+01
  -4.9998303e+01
  -3.5024902e+01
  -4.5051500e+01
  -4.4078098e+01
  -5.6104696e+01
  -3.8131294e+01
  -5.5157893e+01
  -4.9184491e+01
  -3.0211089e+01
  -2.5237687e+01
  -4.5264285e+01
  -2.4290884e+01
  -4.8317482e+01
  -5.8344080e+01
  -5.0370678e+01
  -3.9397276e+01
  -2.8423875e+01
  -5.2450473e+01
  -2.5477071e+01
  -3.6503669e+01
  -1.6530267e+01
  -3.4556866e+01
  -3.4583464e+01
  -1.5610062e+01
  -4.0636660e+01
  -2.4663258e+01
  -1.3689857e+01
  -2.4716455e+01
   2.5694698e-01
  -3.2769651e+01
  -3.1796249e+01
  -1.5822848e+01
  -7.8494458e+00
  -3.8760440e+00
   2.0097358e+01
   1.2070760e+01
   2.5044161e+01
   1.2017563e+01
   3.1990965e+01
   1.7964367e+01
   2.1937769e+01
   1.3911170e+01
   2.3884572e+01
   4.3857974e+01
   3.9831376e+01
   4.2804778e+01
   3.8778179e+01
   4.7751581e+01
   3.1724983e+01
   5.4698385e+01
   4.7671787e+01
   5.6645188e+01
   4.5618590e+01
   4.3591992e+01
   2.4565394e+01
   7.9538796e+01
   7.0512197e+01
   4.6485599e+01
   7.0459001e+01
   6.3432403e+01
   5.9405805e+01
   3.4379206e+01
   4.4352608e+01
   4.9326010e+01
   5.9299412e+01
   4.3272814e+01
   5.0246215e+01
   2.9219617e+01
   4.6193019e+01
   4.7166421e+01
   5.5139823e+01
   5.4113224e+01
   5.5086626e+01
   4.1060028e+01
   4.5033430e+01
   3.2006832e+01
   3.4980233e+01
   2.5953635e+01
   2.6927037e+01
   6.9004388e+00
   3.4873841e+01
   2.4847242e+01
   1.3820644e+01
   3.7794046e+01
   3.1767448e+01
   2.7740850e+01
   2.2714251e+01
   3.7687653e+01
   2.0661055e+01
   1.9634457e+01
  -3.3921414e+00
   5.8126043e-01
   1.1554662e+01
   1.2528064e+01
  -6.4985342e+00
   9.4748676e+00
   2.4482694e+00
  -1.5783288e+00
  -1.3604927e+01
  -1.2631525e+01
   3.3418766e+00
  -2.5684722e+01
  -2.3711320e+01
  -1.7379180e+00
  -1.5764516e+01
  -2.6791114e+01
  -2.7817713e+01
  -2.1844311e+01
  -7.8709090e+00
  -1.6897507e+01
  -3.4924105e+01
  -1.7950704e+01
  -2.5977302e+01
  -3.0038999e+00
  -4.2030498e+01
  -1.2057096e+01
  -1.9083695e+01
  -3.0110293e+01
  -2.5136891e+01
  -6.1634891e+00
  -3.8190087e+01
  -2.0216686e+01
  -3.3243284e+01
  -3.7269882e+01
  -1.5296480e+01
  -3.5323078e+01
  -3.4349677e+01
  -4.6376275e+01
  -4.4402873e+01
  -4.8429471e+01
  -3.1456069e+01
  -5.1482668e+01
  -3.9509266e+01
  -4.2535864e+01
  -3.0562462e+01
  -3.4589060e+01
  -3.3615659e+01
  -3.9642257e+01
  -3.2668855e+01
  -3.2695453e+01
  -5.6722051e+01
  -3.9748650e+01
  -4.0775248e+01
  -3.4801846e+01
  -6.1828444e+01
  -4.8855042e+01
  -6.1881641e+01
  -2.9908239e+01
  -4.1934837e+01
  -4.9961435e+01
  -2.2988033e+01
  -2.3014632e+01
  -4.4041230e+01
  -2.6067828e+01
  -4.1094426e+01
  -4.1121024e+01
  -2.1147623e+01
  -2.1174221e+01
  -2.9200819e+01
  -2.0227417e+01
  -3.5254015e+01
  -1.0280614e+01
  -2.3072117e+00
  -2.0333810e+01
  -2.5360408e+01
  -8.3870063e+00
  -1.7413605e+01
   1.2559797e+01
  -7.4668009e+00
   9.5066009e+00
   2.3480003e+01
   3.4534045e+00
   2.8426806e+01
   1.3400208e+01
   3.7373610e+01
   2.4347012e+01
   2.7320414e+01
   3.2293815e+01
   1.6267217e+01
   4.5240619e+01
   4.6214021e+01
   5.3187423e+01
   5.8160824e+01
   6.7134226e+01
   6.1107628e+01
   4.4081030e+01
   5.1054432e+01
   4.4027833e+01
   4.7001235e+01
   3.9974637e+01
   5.1948039e+01
   6.1921441e+01
   6.1894842e+01
   4.2868244e+01
   5.1841646e+01
   3.9815048e+01
   4.8788450e+01
   5.9761851e+01
   6.4735253e+01
   7.5708655e+01
   5.4682057e+01
   6.4655459e+01
   4.3628860e+01
   5.1602262e+01
   2.3575664e+01
   4.0549066e+01
   4.1522468e+01
   6.0495869e+01
   4.1469271e+01
   5.6442673e+01
   2.6416075e+01
   4.0389477e+01
   2.4362878e+01
   2.7336280e+01
   5.7309682e+01
   1.8283084e+01
   2.5256486e+01
   3.3229887e+01
   4.2203289e+01
   2.0176691e+01
   1.4150093e+01
   3.2123495e+01
   1.8096896e+01
   2.6070298e+01
   3.1043700e+01
   9.0171017e+00
   1.2990504e+01
  -2.0360947e+00
  -7.0626928e+00
   3.8910709e+01
   3.2884111e+01
   8.5751255e-01
   8.3091435e-01
  -1.1956838e+00
   1.4777718e+01
  -2.4888024e-01
   2.2724522e+01
  -1.0302077e+01
   1.3671325e+01
  -4.3552730e+00
  -2.4381871e+01
  -7.4084694e+00
  -9.4350676e+00
  -1.6461666e+01
  -1.9488264e+01
  -5.5148622e+00
  -1.4541460e+01
  -1.5680586e+00
  -1.0594657e+01
  -1.0621255e+01
  -7.6478532e+00
  -1.5674451e+01
  -1.7010496e+00
  -2.6727648e+01
  -2.6754246e+01
  -4.1780844e+01
  -3.0807442e+01
  -2.8834041e+01
  -1.3860639e+01
  -1.8887237e+01
  -3.0913835e+01
  -3.9940433e+01
  -2.7967032e+01
  -4.0993630e+01
  -5.2020228e+01
  -3.3046826e+01
  -5.3073424e+01
  -3.2100023e+01
  -4.9126621e+01
  -4.8153219e+01
  -3.5179817e+01
  -2.1206415e+01
  -6.0233014e+01
  -5.2259612e+01
  -4.2286210e+01
  -3.1312808e+01
  -5.7339406e+01
  -3.4366005e+01
  -1.9392603e+01
  -3.5419201e+01
  -2.9445799e+01
  -4.1472397e+01
  -3.4498996e+01
  -4.7525594e+01
  -4.1552192e+01
  -4.4578790e+01
  -2.1605388e+01
  -2.7631987e+01
  -2.1658585e+01
  -3.2685183e+01
  -3.4711781e+01
  -1.1738379e+01
  -2.6764978e+01
  -1.6791576e+01
  -2.3818174e+01
  -2.5844772e+01
  -2.3871370e+01
  -9.8979686e+00
  -8.9245668e+00
  -1.5951165e+01
   3.0222368e+00
  -1.0043614e+00
  -1.0030960e+01
   1.3942442e+01
  -1.2084156e+01
   1.3889246e+01
   8.6264762e-01
   1.3836049e+01
   1.5809451e+01
   1.1782853e+01
   3.5756255e+01
   3.9729657e+01
   1.9703058e+01
   1.3676460e+01
   4.5649862e+01
   6.2623264e+01
   4.3596666e+01
   5.6570067e+01
   4.4543469e+01
   5.7516871e+01
   6.0490273e+01
   4.1463675e+01
   4.4437076e+01
   6.0410478e+01
   6.8383880e+01
   4.9357282e+01
   3.2330684e+01
   4.2304085e+01
   4.8277487e+01
   3.7250889e+01
   5.7224291e+01
   4.3197693e+01
   5.0171094e+01
   5.0144496e+01
   3.2117898e+01
   7.3091300e+01
   5.9064702e+01
   2.8038103e+01
   4.9011505e+01
   4.0984907e+01
   4.0958309e+01
   2.6931711e+01
   4.9905112e+01
   3.9878514e+01
   2.6851916e+01
   5.3825318e+01
   5.2798720e+01
   3.3772121e+01
   2.8745523e+01
   1.8718925e+01
   1.8692327e+01
   1.9665729e+01
   8.6391305e+00
   2.4612532e+01
   1.8585934e+01
   2.5593359e+00
   2.2532738e+01
  -1.4938605e+00
   9.4795413e+00
  -1.6547057e+01
   1.4263449e+00
   9.3997467e+00
  -7.6268515e+00
   2.6346550e+01
   2.3199521e+00
   6.2933539e+00
   2.6675567e-01
  -1.7598425e+00
  -9.7864407e+00
  -3.8130389e+00
  -1.0839637e+01
  -6.8662353e+00
   1.9107166e+01
   2.0805683e+00
  -4.9460299e+00
  -3.1972628e+01
  -2.2999226e+01
  -2.4025825e+01
   9.4757728e-01
  -1.7079021e+01
  -2.0105619e+01
  -2.8132217e+01
  -7.1588155e+00
  -1.6185414e+01
  -1.4212012e+01
  -1.8238610e+01
  -3.8265208e+01
  -1.7291807e+01
  -2.0318405e+01
  -2.0345003e+01
  -4.5371601e+01
  -2.5398199e+01
  -1.9424798e+01
  -3.7451396e+01
  -9.4779939e+00
  -2.8504592e+01
  -3.3531190e+01
  -1.1557789e+01
  -1.4584387e+01
  -4.0610985e+01
  -3.7637583e+01
  -9.6641813e+00
  -3.8690779e+01
  -4.1717378e+01
  -3.2743976e+01
  -2.7770574e+01
  -3.4797172e+01
  -3.0823770e+01
  -5.0850369e+01
  -3.9876967e+01
  -2.4903565e+01
  -4.8930163e+01
  -5.0956761e+01
  -3.7983360e+01
  -5.6009958e+01
  -6.5036556e+01
  -5.3063154e+01
  -5.0089752e+01
  -5.3116351e+01
  -5.9142949e+01
  -3.7169547e+01
  -4.7196145e+01
  -1.7222743e+01
  -4.2249342e+01
  -5.6275940e+01
  -3.1302538e+01
  -2.8329136e+01
  -4.6355734e+01
  -4.2382333e+01
  -1.6408931e+01
  -1.5435529e+01
  -2.9462127e+01
  -1.9488725e+01
  -1.7515324e+01
  -1.9541922e+01
   8.4314799e+00
  -1.2595118e+01
   1.3378284e+01
   2.3516853e+00
   2.2325087e+01
   1.6298489e+01
   1.1271891e+01
   7.2452925e+00
   3.0218694e+01
   2.9192096e+01
   1.3165498e+01
   1.8138900e+01
   4.9112302e+01
   4.0085703e+01
   4.1059105e+01
   3.9032507e+01
   3.7005909e+01
   2.7979311e+01
   4.4952712e+01
   4.3926114e+01
   4.3899516e+01
   5.6872918e+01
   6.6846320e+01
   4.8819721e+01
   5.3793123e+01
   4.6766525e+01
   3.9739927e+01
   4.1713329e+01
   4.6686730e+01
   5.9660132e+01
   3.7633534e+01
   4.7606936e+01
   6.3580338e+01
   6.9553739e+01
   4.4527141e+01
   4.1500543e+01
   3.6473945e+01
   2.0447347e+01
   4.9420748e+01
   3.5394150e+01
   6.1367552e+01
   2.8340954e+01
   4.4314356e+01
   4.5287757e+01
   1.5261159e+01
   2.1234561e+01
   2.0207963e+01
   4.7181365e+01
   2.7154766e+01
   3.3128168e+01
   1.0101570e+01
   7.0749718e+00
   7.0483736e+00
   1.6021775e+01
   7.9951772e+00
   1.6968579e+01
   2.2941981e+01
  -1.2084617e+01
  -3.1112156e+00
   3.5862186e+01
  -1.6164412e+01
   8.8089898e+00
   4.7823916e+00
   6.7557934e+00
   3.7291952e+00
   2.7025970e+00
  -1.8324001e+01
  -6.3505994e+00
  -5.3771976e+00
  -2.1403796e+01
  -1.9430394e+01
  -1.0456992e+01
  -1.4483590e+01
  -1.7510189e+01
  -2.8536787e+01
  -2.4563385e+01
  -1.5899832e+00
  -1.3616581e+01
  -5.6431796e+00
  -1.7669778e+01
  -4.2696376e+01
  -3.1722974e+01
  -1.4749572e+01
  -3.9776171e+01
  -4.5802769e+01
  -3.9829367e+01
  -5.3855965e+01
  -2.1882563e+01
  -1.9909162e+01
  -3.2935760e+01
  -8.9623580e+00
  -3.5988956e+01
  -3.6015554e+01
  -4.8042153e+01
  -3.7068751e+01
  -5.3095349e+01
  -3.4121947e+01
  -4.6148545e+01
  -1.3175144e+01
  -4.3201742e+01
  -4.5228340e+01
  -2.9254938e+01
  -2.5281536e+01
  -5.0308135e+01
  -3.9334733e+01
  -3.2361331e+01
  -5.2387929e+01
  -3.9414527e+01
  -3.6441126e+01
  -5.8467724e+01
  -4.2494322e+01
  -4.8520920e+01
  -4.9547518e+01
  -4.6574117e+01
  -3.2600715e+01
  -3.3627313e+01
  -3.2653911e+01
  -4.4680509e+01
  -4.6707108e+01
  -4.7733706e+01
  -2.3760304e+01
  -4.5786902e+01
  -5.1813500e+01
  -4.3840099e+01
  -4.8866697e+01
  -5.0893295e+01
  -2.8919893e+01
  -3.2946491e+01
  -2.1973090e+01
  -2.3999688e+01
  -3.3026286e+01
  -4.0052884e+01
  -3.0079482e+01
  -1.3106081e+01
  -2.2132679e+01
  -1.0159277e+01
   1.4814125e+01
  -2.9212473e+01
  -1.4239072e+01
  -3.6265670e+01
   1.7707732e+01
   8.6811339e+00
   1.7654536e+01
   3.5627937e+01
   2.2601339e+01
   2.4574741e+01
   1.8548143e+01
   3.1521545e+01
   3.7494946e+01
   5.4468348e+01
   3.2441750e+01
   4.1415152e+01
   6.4388554e+01
   5.6361955e+01
   4.6335357e+01
   3.7308759e+01
   3.3282161e+01
   4.5255563e+01
   3.6228964e+01
   5.0202366e+01
   4.1175768e+01
   2.8149170e+01
   7.3122572e+01
   5.4095973e+01
   6.1069375e+01
   4.1042777e+01
   4.9016179e+01
   5.3989581e+01
   5.5962982e+01
   2.4936384e+01
   3.9909786e+01
   4.1883188e+01
   5.5856590e+01
   3.6829991e+01
   5.5803393e+01
   3.4776795e+01
   2.9750197e+01
   2.6723599e+01
   3.3697000e+01
   4.2670402e+01
   5.1643804e+01
   2.2617206e+01
   3.1590608e+01
   1.4564009e+01
   3.3537411e+01
   2.5510813e+01
   2.6484215e+01
   2.3457617e+01
   3.9431018e+01
   3.4404420e+01
   2.8377822e+01
   1.1351224e+01
   2.4324626e+01
   9.2980275e+00
   1.7271429e+01
   4.2448311e+00
   1.8218233e+01
   2.1916347e+00
   1.1650365e+00
   9.1384383e+00
   1.9111840e+01
  -6.9147581e+00
  -2.9413563e+00
  -1.9679545e+00
  -1.0994553e+01
  -1.3021151e+01
   3.9522509e+00
  -1.1074347e+01
  -3.3100945e+01
  -2.7127544e+01
   8.8458581e+00
   8.1925991e-01
  -6.2073383e+00
   9.7660635e+00
   7.3946532e-01
  -2.0287133e+01
  -1.2313731e+01
  -1.2340329e+01
  -4.1366927e+01
  -1.3935257e+00
  -2.5420124e+01
  -5.2446722e+01
  -2.1473320e+01
  -3.0499918e+01
  -4.3526517e+01
  -1.5553115e+01
  -2.9579713e+01
  -2.8606311e+01
  -4.2632909e+01
  -4.6659508e+01
  -4.3686106e+01
  -2.2712704e+01
  -3.7739302e+01
  -4.1765900e+01
  -2.2792499e+01
  -3.7819097e+01
  -2.6845695e+01
  -5.5872293e+01
  -3.1898891e+01
  -4.8925490e+01
  -5.2952088e+01
  -2.8978686e+01
  -5.4005284e+01
  -5.4031882e+01
  -4.1058481e+01
  -5.7085079e+01
  -3.4111677e+01
  -4.4138275e+01
  -4.7164873e+01
  -4.1191472e+01
  -5.0218070e+01
  -4.1244668e+01
  -5.5271266e+01
  -5.8297864e+01
  -5.0324463e+01
  -4.7351061e+01
  -4.0377659e+01
  -4.8404257e+01
  -3.7430855e+01
  -1.7457454e+01
  -4.3484052e+01
  -5.5510650e+01
  -3.7537248e+01
  -2.0563846e+01
  -4.3590445e+01
  -3.0617043e+01
  -4.4643641e+01
  -5.3670239e+01
  -1.2696837e+01
  -2.1723436e+01
  -1.7500338e+00
  -8.7766320e+00
  -2.3803230e+01
  -1.1829828e+01
   8.1435734e+00
  -3.8830248e+00
  -7.9096230e+00
  -6.9362212e+00
   1.3037181e+01
   7.0105824e+00
   3.1983984e+01
   2.2957386e+01
   3.8930788e+01
   3.2904190e+01
   1.6877591e+01
   4.3850993e+01
   4.5824395e+01
   4.1797797e+01
   5.2771199e+01
   5.5744600e+01
   4.2718002e+01
   6.2691404e+01
   3.2664806e+01
   3.3638208e+01
   2.9611609e+01
   3.4585011e+01
   5.2558413e+01
   3.8531815e+01
   5.8505217e+01
   4.8478618e+01
   4.1452020e+01
   4.1425422e+01
   5.0398824e+01
   3.5372226e+01
   3.2345627e+01
   4.0319029e+01
   2.1292431e+01
   5.0265833e+01
   1.8239235e+01
   4.5212636e+01
   3.6186038e+01
   4.6159440e+01
   3.6132842e+01
   3.8106244e+01
   4.2079645e+01
   4.3053047e+01
   1.9026449e+01
   3.5999851e+01
   2.6973253e+01
   2.8946654e+01
  -3.0799438e+00
   2.0893458e+01
   1.7866860e+01
   1.6840262e+01
   3.7813663e+01
   1.1787065e+01
   1.7760467e+01
   1.5733869e+01
   8.7072706e+00
   5.6806724e+00
   2.9654074e+01
   6.6274760e+00
   2.3600878e+01
   2.6574280e+01
  -4.5231858e-01
   1.9521083e+01
  -2.5055150e+00
   4.6788682e-01
  -2.4558711e+01
  -5.8530958e-01
   6.3880922e+00
   4.3614940e+00
  -1.4665104e+01
  -1.5691702e+01
  -1.4718301e+01
   7.2551012e+00
  -3.2771497e+01
  -3.4798095e+01
  -3.9824693e+01
  -3.6851292e+01
  -2.4877890e+01
  -1.1904488e+01
  -3.2931086e+01
  -2.6957684e+01
  -1.9984283e+01
  -3.6010881e+01
  -4.2037479e+01
  -2.2064077e+01
  -4.6090675e+01
  -2.5117274e+01
  -2.0143872e+01
  -2.2170470e+01
  -4.6197068e+01
  -3.3223666e+01
  -3.3250265e+01
  -4.1276863e+01
  -4.0303461e+01
  -5.7330059e+01
  -4.9356657e+01
  -3.6383256e+01
  -1.9409854e+01
  -3.9436452e+01
  -3.0463050e+01
  -4.3489648e+01
  -2.3516247e+01
  -4.7542845e+01
  -5.1569443e+01
  -3.6596041e+01
  -3.3622639e+01
  -3.5649238e+01
  -5.4675836e+01
  -4.9702434e+01
  -4.5729032e+01
  -3.9755630e+01
  -3.1782229e+01
  -5.4808827e+01
  -6.1835425e+01
  -3.7862023e+01
  -4.0888621e+01
  -4.1915220e+01
  -3.9941818e+01
  -5.0968416e+01
  -6.2995014e+01
  -5.0021612e+01
  -4.8048211e+01
  -3.0074809e+01
  -7.1014069e+00
  -4.5128005e+01
  -4.9154603e+01
  -5.6181202e+01
  -1.7207800e+01
  -1.9234398e+01
  -4.5260996e+01
  -1.7287594e+01
  -3.7314193e+01
  -3.0340791e+01
  -8.3673889e+00
  -1.3393987e+01
   5.7941468e-01
  -1.8447184e+01
  -3.4737817e+00
  -1.5500380e+01
   8.4730219e+00
   1.5446424e+01
  -5.5801745e+00
   2.4393227e+01
   1.4366629e+01
   2.5340031e+01
   4.3313433e+01
   1.4286834e+01
   2.5260236e+01
   4.5233638e+01
   2.3207040e+01
   2.9180442e+01
   5.4153843e+01
   3.9127245e+01
   3.7100647e+01
   3.7074049e+01
   5.3047451e+01
   2.2020853e+01
   3.5994254e+01
   4.2967656e+01
   4.5941058e+01
   3.6914460e+01
   3.9887862e+01
   6.7861263e+01
   4.1834665e+01
   7.2808067e+01
   6.2781469e+01
   4.7754871e+01
   5.2728272e+01
   3.3701674e+01
   4.4675076e+01
   4.0648478e+01
   2.3621880e+01
   4.4595281e+01
   1.6568683e+01
   4.0542085e+01
   3.9515487e+01
   4.2488889e+01
   3.6462290e+01
   5.4435692e+01
   2.0409094e+01
   5.0382496e+01
   1.7355898e+01
   2.0329299e+01
   3.1302701e+01
   1.5276103e+01
   2.2249505e+01
   6.2229065e+00
   2.9196308e+01
   1.8169710e+01
  -7.8568881e+00
   4.1165137e+00
   4.0899155e+00
   1.7063317e+01
   1.2036719e+01
   1.5010121e+01
   1.1983523e+01
  -8.0430755e+00
  -2.1069674e+01
  -4.0962719e+00
   3.8771299e+00
   1.4850532e+01
   1.3823934e+01
   2.2797335e+01
  -3.2292629e+00
  -2.8255861e+01
  -1.3282459e+01
   5.6909425e+00
  -1.3356557e+00
  -3.3622539e+00
  -9.3888521e+00
  -1.6415450e+01
  -9.4420484e+00
  -2.3468647e+01
  -4.5495245e+01
  -3.8521843e+01
  -1.3548441e+01
  -4.5575039e+01
  -2.2601638e+01
  -3.5628236e+01
  -4.4654834e+01
  -3.8681432e+01
  -2.6708030e+01
  -5.3734629e+01
  -3.3761227e+01
  -5.6787825e+01
  -5.3814423e+01
  -5.4841021e+01
  -5.6867620e+01
  -6.2894218e+01
  -2.6920816e+01
  -5.1947414e+01
  -4.5974012e+01
  -4.8000611e+01
  -3.0027209e+01
  -6.0053807e+01
  -2.4080405e+01
  -2.5107003e+01
  -4.6133602e+01
  -4.5160200e+01
  -4.3186798e+01
  -5.2213396e+01
  -6.0239994e+01
  -4.7266593e+01
  -5.5293191e+01
  -5.2319789e+01
  -4.5346387e+01
  -5.3372985e+01
  -6.8399584e+01
  -3.6426182e+01
  -3.8452780e+01
  -6.2479378e+01
  -5.4505976e+01
  -4.5532575e+01
  -3.8559173e+01
  -2.1585771e+01
  -2.8612369e+01
  -3.9638967e+01
  -3.1665566e+01
  -4.5692164e+01
  -2.6718762e+01
  -5.4745360e+01
  -2.9771958e+01
  -3.1798557e+01
  -3.4825155e+01
  -1.9851753e+01
  -4.0878351e+01
  -4.0904949e+01
  -1.2931548e+01
  -1.1958146e+01
  -1.6984744e+01
  -4.2011342e+01
   1.9620596e+00
  -2.2064539e+01
   9.9088632e+00
   1.4882265e+01
   1.2855667e+01
   9.8290686e+00
   2.3802470e+01
   2.6775872e+01
   2.2749274e+01
   2.1722676e+01
   3.1696078e+01
   1.3669479e+01
   3.8642881e+01
   3.6616283e+01
   4.7589685e+01
   2.2563087e+01
   3.2536488e+01
   5.0509890e+01
   3.4483292e+01
   5.6456694e+01
   2.1430096e+01
   4.1403497e+01
   4.9376899e+01
   7.1350301e+01
   6.6323703e+01
   5.7297105e+01
   5.6270506e+01
   5.2243908e+01
   4.4217310e+01
   6.2190712e+01
   5.5164114e+01
   6.1137515e+01
   5.2110917e+01
   4.6084319e+01
   3.9057721e+01
   2.6031123e+01
   3.6004524e+01
   5.8977926e+01
   3.2951328e+01
   1.8924730e+01
   3.0898132e+01
   4.8871533e+01
   5.1844935e+01
   2.5818337e+01
   1.2791739e+01
   2.9765141e+01
   1.2738542e+01
   2.1711944e+01
   2.7685346e+01
   1.0658748e+01
  -1.3678504e+00
   2.6055514e+00
   6.5789532e+00
   2.9552355e+01
  -6.4742432e+00
   1.0499159e+01
   1.8472560e+01
   8.4459623e+00
   1.7419364e+01
   2.6392766e+01
   5.3661677e+00
   1.9339569e+01
  -6.6870287e+00
   9.2863731e+00
   1.3259775e+01
   2.3317666e-01
   6.2065785e+00
  -1.8200197e+00
   1.3153382e+01
   1.4126784e+01
  -6.8998143e+00
   8.0735875e+00
  -1.7953011e+01
  -6.9796089e+00
  -2.9006207e+01
  -1.1032805e+01
  -2.0059404e+01
  -2.8086002e+01
  -3.5112600e+01
  -4.1391981e+00
  -2.3165796e+01
  -1.8192395e+01
  -3.4218993e+01
  -2.4245591e+01
  -3.1272189e+01
  -3.2298787e+01
  -4.4325386e+01
  -4.0351984e+01
  -2.1378582e+01
  -1.8405180e+01
  -5.0431778e+01
  -5.5458377e+01
  -1.4484975e+01
  -4.4511573e+01
  -4.4538171e+01
  -5.3564769e+01
  -4.7591368e+01
  -5.3617966e+01
  -7.0644564e+01
  -4.3671162e+01
  -2.6697760e+01
  -4.3724359e+01
  -4.3750957e+01
  -3.9777555e+01
  -4.6804153e+01
  -4.3830751e+01
  -5.3857350e+01
  -5.1883948e+01
  -5.5910546e+01
  -5.5937144e+01
  -4.2963742e+01
  -4.6990341e+01
  -3.1016939e+01
  -4.6043537e+01
  -6.0070135e+01
  -5.4096733e+01
  -5.2123331e+01
  -6.5149930e+01
  -4.0176528e+01
  -4.3203126e+01
  -6.0229724e+01
  -2.0256322e+01
  -3.6282921e+01
  -6.4309519e+01
  -4.2336117e+01
  -4.2362715e+01
  -3.4389313e+01
  -3.8415912e+01
  -4.8442510e+01
  -1.9469108e+01
  -3.3495706e+01
  -8.5223045e+00
  -1.8548903e+01
  -6.5755009e+00
  -1.9602099e+01
  -2.9628697e+01
  -5.6552955e+00
  -6.8189368e-01
   4.2915081e+00
   1.3264910e+01
  -5.7616883e+00
   2.7211714e+01
   8.1851153e+00
   1.0158517e+01
   2.7131919e+01
   1.3105321e+01
   2.2078723e+01
   4.5052124e+01
   2.2025526e+01
   3.8998928e+01
   1.6972330e+01
   4.2945732e+01
   5.5919133e+01
   6.4892535e+01
   3.5865937e+01
   5.4839339e+01
   4.1812741e+01
   4.2786142e+01
   4.4759544e+01
   7.5732946e+01
   4.2706348e+01
   6.5679750e+01
   5.5653151e+01
   4.9626553e+01
   5.8599955e+01
   6.4573357e+01
   2.4546759e+01
   4.3520160e+01
   7.3493562e+01
   4.1466964e+01
   5.9440366e+01
   5.2413768e+01
   3.4387169e+01
   2.5360571e+01
