   3.7169839e+01
   3.6083242e+01
   3.4964422e+01
   3.3801159e+01
   3.2591228e+01
   3.1339076e+01
   3.0045812e+01
   2.8708103e+01
   2.7310396e+01
   2.5826020e+01
   2.4228312e+01
   2.2487271e+01
   2.0589562e+01
   1.8538521e+01
   1.6358591e+01
   1.4095327e+01
   1.1800952e+01
   9.5332438e+00
   7.3388689e+00
   5.2500496e+00
   3.2778969e+00
   1.4201888e+00
  -3.3418611e-01
  -2.0007832e+00
  -3.5851581e+00
  -5.0873108e+00
  -6.4927967e+00
  -7.7838378e+00
  -8.9437689e+00
  -9.9648100e+00
  -1.0850297e+01
  -1.1620227e+01
  -1.2304601e+01
  -1.2936754e+01
  -1.3548907e+01
  -1.4162171e+01
  -1.4782101e+01
  -1.5396476e+01
  -1.5981962e+01
  -1.6503003e+01
  -1.6925156e+01
  -1.7217309e+01
  -1.7358350e+01
  -1.7342726e+01
  -1.7180433e+01
  -1.6895919e+01
  -1.6526961e+01
  -1.6121336e+01
  -1.5734600e+01
  -1.5421197e+01
  -1.5227793e+01
  -1.5192169e+01
  -1.5329877e+01
  -1.5638697e+01
  -1.6096404e+01
  -1.6656334e+01
  -1.7262932e+01
  -1.7856196e+01
  -1.8376126e+01
  -1.8780501e+01
  -1.9044876e+01
  -1.9167029e+01
  -1.9170292e+01
  -1.9091333e+01
  -1.8977931e+01
  -1.8877861e+01
  -1.8827792e+01
  -1.8847722e+01
  -1.8942097e+01
  -1.9094250e+01
  -1.9278624e+01
  -1.9461888e+01
  -1.9617374e+01
  -1.9723971e+01
  -1.9771680e+01
  -1.9766054e+01
  -1.9719318e+01
  -1.9648138e+01
  -1.9570290e+01
  -1.9499110e+01
  -1.9439040e+01
  -1.9385637e+01
  -1.9328901e+01
  -1.9252164e+01
  -1.9136539e+01
  -1.8965359e+01
  -1.8730844e+01
  -1.8431887e+01
  -1.8079594e+01
  -1.7699524e+01
  -1.7327233e+01
  -1.7003830e+01
  -1.6771539e+01
  -1.6662580e+01
  -1.6695843e+01
  -1.6867997e+01
  -1.7157927e+01
  -1.7525636e+01
  -1.7922232e+01
  -1.8298829e+01
  -1.8617649e+01
  -1.8855357e+01
  -1.9014176e+01
  -1.9111884e+01
  -1.9181814e+01
  -1.9261746e+01
  -1.9379453e+01
  -1.9548272e+01
  -1.9760426e+01
  -1.9985911e+01
  -2.0179176e+01
  -2.0290217e+01
  -2.0277924e+01
  -2.0121189e+01
  -1.9823341e+01
  -1.9423271e+01
  -1.8978758e+01
  -1.8570910e+01
  -1.8279730e+01
  -1.8174104e+01
  -1.8297368e+01
  -1.8660632e+01
  -1.9242784e+01
  -1.9986049e+01
  -2.0817090e+01
  -2.1651464e+01
  -2.2412507e+01
  -2.3037992e+01
  -2.3494590e+01
  -2.3774520e+01
  -2.3893339e+01
  -2.3882159e+01
  -2.3784311e+01
  -2.3635352e+01
  -2.3464172e+01
  -2.3287436e+01
  -2.3107367e+01
  -2.2915074e+01
  -2.2698338e+01
  -2.2450491e+01
  -2.2168199e+01
  -2.1863686e+01
  -2.1560282e+01
  -2.1291323e+01
  -2.1091254e+01
  -2.0993407e+01
  -2.1020003e+01
  -2.1177712e+01
  -2.1452087e+01
  -2.1813129e+01
  -2.2213059e+01
  -2.2596322e+01
  -2.2909587e+01
  -2.3099517e+01
  -2.3133892e+01
  -2.2993822e+01
  -2.2684863e+01
  -2.2235906e+01
  -2.1692502e+01
  -2.1119099e+01
  -2.0586808e+01
  -2.0166738e+01
  -1.9923336e+01
  -1.9898821e+01
  -2.0114307e+01
  -2.0559793e+01
  -2.1197501e+01
  -2.1964099e+01
  -2.2782918e+01
  -2.3567292e+01
  -2.4237223e+01
  -2.4730487e+01
  -2.5007084e+01
  -2.5058126e+01
  -2.4900278e+01
  -2.4576876e+01
  -2.4145694e+01
  -2.3672291e+01
  -2.3220000e+01
  -2.2839930e+01
  -2.2565417e+01
  -2.2409791e+01
  -2.2368610e+01
  -2.2420763e+01
  -2.2532916e+01
  -2.2670624e+01
  -2.2799443e+01
  -2.2894929e+01
  -2.2941527e+01
  -2.2942568e+01
  -2.2913609e+01
  -2.2884651e+01
  -2.2895692e+01
  -2.2987846e+01
  -2.3198887e+01
  -2.3551039e+01
  -2.4047637e+01
  -2.4666456e+01
  -2.5360831e+01
  -2.6064094e+01
  -2.6694024e+01
  -2.7171733e+01
  -2.7429441e+01
  -2.7426038e+01
  -2.7152636e+01
  -2.6639232e+01
  -2.5948052e+01
  -2.5167982e+01
  -2.4399023e+01
  -2.3738954e+01
  -2.3261107e+01
  -2.3014371e+01
  -2.3004301e+01
  -2.3202009e+01
  -2.3548607e+01
  -2.3961870e+01
  -2.4358468e+01
  -2.4661731e+01
  -2.4817217e+01
  -2.4802703e+01
  -2.4623744e+01
  -2.4320341e+01
  -2.3948050e+01
  -2.3573536e+01
  -2.3257911e+01
  -2.3047841e+01
  -2.2964438e+01
  -2.3003258e+01
  -2.3135410e+01
  -2.3313119e+01
  -2.3476382e+01
  -2.3571868e+01
  -2.3552910e+01
  -2.3393951e+01
  -2.3092770e+01
  -2.2673812e+01
  -2.2178187e+01
  -2.1663673e+01
  -2.1194714e+01
  -2.0825756e+01
  -2.0600131e+01
  -2.0543394e+01
  -2.0651103e+01
  -2.0901033e+01
  -2.1252074e+01
  -2.1650894e+01
  -2.2043047e+01
  -2.2379644e+01
  -2.2624019e+01
  -2.2752838e+01
  -2.2762769e+01
  -2.2667143e+01
  -2.2493740e+01
  -2.2278116e+01
  -2.2064712e+01
  -2.1891310e+01
  -2.1791240e+01
  -2.1781170e+01
  -2.1858879e+01
  -2.2001031e+01
  -2.2167629e+01
  -2.2303114e+01
  -2.2353044e+01
  -2.2272976e+01
  -2.2038461e+01
  -2.1660613e+01
  -2.1189433e+01
  -2.0707141e+01
  -2.0323739e+01
  -2.0148113e+01
  -2.0263599e+01
  -2.0700197e+01
  -2.1401238e+01
  -2.2212280e+01
  -2.2875543e+01
  -2.3047696e+01
  -2.2343182e+01
  -2.0378668e+01
  -1.6841931e+01
  -1.1548529e+01
  -4.4851259e+00
   4.1693882e+00
   1.4045013e+01
   2.4630639e+01
   3.5324041e+01
   4.5515222e+01
   5.4663069e+01
   6.2356472e+01
   6.8358764e+01
   7.2619944e+01
   7.5260014e+01
   7.6526750e+01
   7.6751264e+01
   7.6283557e+01
   7.5449181e+01
   7.4512584e+01
   7.3657099e+01
   7.2988279e+01
   7.2539460e+01
   7.2295084e+01
   7.2207377e+01
   7.2215224e+01
   7.2257516e+01
   7.2279808e+01
   7.2237654e+01
   7.2097724e+01
   7.1835572e+01
   7.1437863e+01
   7.0902378e+01
   7.0235781e+01
   6.9458072e+01
   6.8603698e+01
   6.7714878e+01
   6.6836059e+01
   6.6018351e+01
   6.5301753e+01
   6.4720712e+01
   6.4293003e+01
   6.4021962e+01
   6.3894254e+01
   6.3887657e+01
   6.3964393e+01
   6.4087797e+01
   6.4213421e+01
   6.4301269e+01
   6.4315782e+01
   6.4222519e+01
   6.3997033e+01
   6.3621547e+01
   6.3087172e+01
   6.2397241e+01
   6.1569533e+01
   6.0637381e+01
   5.9647450e+01
   5.8657520e+01
   5.7730922e+01
   5.6927659e+01
   5.6298840e+01
   5.5880020e+01
   5.5683423e+01
   5.5700160e+01
   5.5895784e+01
   5.6222521e+01
   5.6617034e+01
   5.7009327e+01
   5.7334952e+01
   5.7536132e+01
   5.7568424e+01
   5.7407382e+01
   5.7049674e+01
   5.6510856e+01
   5.5826480e+01
   5.5040994e+01
   5.4207731e+01
   5.3373356e+01
   5.2577870e+01
   5.1844606e+01
   5.1179120e+01
   5.0568079e+01
   4.9987037e+01
   4.9400440e+01
   4.8776064e+01
   4.8086134e+01
   4.7313982e+01
   4.6458496e+01
   4.5536343e+01
   4.4569747e+01
   4.3594260e+01
   4.2642108e+01
   4.1737732e+01
   4.0893358e+01
   4.0102317e+01
   3.9340163e+01
   3.8564678e+01
   3.7724747e+01
   3.6772594e+01
   3.5670442e+01
   3.4403844e+01
   3.2987248e+01
   3.1463983e+01
   2.9896276e+01
   2.8360790e+01
   2.6921970e+01
   2.5626484e+01
   2.4482110e+01
   2.3458846e+01
   2.2486693e+01
   2.1471207e+01
   2.0307943e+01
   1.8900236e+01
   1.7183638e+01
   1.5135930e+01
   1.2779333e+01
   1.0182736e+01
   7.4439163e+00
   4.6728748e+00
   1.9762777e+00
  -5.5920833e-01
  -2.8769166e+00
  -4.9490692e+00
  -6.7790000e+00
  -8.3822633e+00
  -9.7821933e+00
  -1.1001013e+01
  -1.2052054e+01
  -1.2938652e+01
  -1.3663027e+01
  -1.4226290e+01
  -1.4640666e+01
  -1.4925040e+01
  -1.5112749e+01
  -1.5244901e+01
  -1.5364831e+01
  -1.5510318e+01
  -1.5705803e+01
  -1.5961289e+01
  -1.6267887e+01
  -1.6603372e+01
  -1.6941081e+01
  -1.7249900e+01
  -1.7504274e+01
  -1.7691983e+01
  -1.7808580e+01
  -1.7864067e+01
  -1.7873997e+01
  -1.7860593e+01
  -1.7844969e+01
  -1.7848232e+01
  -1.7888162e+01
  -1.7975871e+01
  -1.8119134e+01
  -1.8321288e+01
  -1.8575662e+01
  -1.8868926e+01
  -1.9181079e+01
  -1.9481009e+01
  -1.9736496e+01
  -1.9911981e+01
  -1.9977467e+01
  -1.9909620e+01
  -1.9701772e+01
  -1.9362813e+01
  -1.8918300e+01
  -1.8410452e+01
  -1.7893717e+01
  -1.7423647e+01
  -1.7053577e+01
  -1.6824619e+01
  -1.6761216e+01
  -1.6866702e+01
  -1.7125521e+01
  -1.7505451e+01
  -1.7964271e+01
  -1.8456423e+01
  -1.8935243e+01
  -1.9361840e+01
  -1.9705103e+01
  -1.9940590e+01
  -2.0056076e+01
  -2.0043783e+01
  -1.9907048e+01
  -1.9656978e+01
  -1.9312464e+01
  -1.8905728e+01
  -1.8476769e+01
  -1.8072256e+01
  -1.7743297e+01
  -1.7536561e+01
  -1.7489824e+01
  -1.7625310e+01
  -1.7944130e+01
  -1.8428504e+01
  -1.9037323e+01
  -1.9716143e+01
  -2.0399407e+01
  -2.1021560e+01
  -2.1522601e+01
  -2.1856976e+01
  -2.1998018e+01
  -2.1942392e+01
  -2.1706768e+01
  -2.1326698e+01
  -2.0852183e+01
  -2.0332114e+01
  -1.9817600e+01
  -1.9341974e+01
  -1.8927461e+01
  -1.8576280e+01
  -1.8277322e+01
  -1.8011697e+01
  -1.7761627e+01
  -1.7513780e+01
  -1.7273710e+01
  -1.7061419e+01
  -1.6910238e+01
  -1.6865723e+01
  -1.6968988e+01
  -1.7246696e+01
  -1.7703293e+01
  -1.8309890e+01
  -1.9007598e+01
  -1.9710862e+01
  -2.0317459e+01
  -2.0730722e+01
  -2.0869542e+01
  -2.0688361e+01
  -2.0182737e+01
  -1.9397111e+01
  -1.8414819e+01
  -1.7345861e+01
  -1.6314680e+01
  -1.5440167e+01
  -1.4818986e+01
  -1.4512249e+01
  -1.4543291e+01
  -1.4892110e+01
  -1.5503151e+01
  -1.6291971e+01
  -1.7158568e+01
  -1.7997388e+01
  -1.8715096e+01
  -1.9233914e+01
  -1.9506068e+01
  -1.9518220e+01
  -1.9288151e+01
  -1.8866970e+01
  -1.8325789e+01
  -1.7746831e+01
  -1.7211206e+01
  -1.6785580e+01
  -1.6508844e+01
  -1.6394330e+01
  -1.6420928e+01
  -1.6544191e+01
  -1.6703010e+01
  -1.6837386e+01
  -1.6892871e+01
  -1.6838358e+01
  -1.6669399e+01
  -1.6405996e+01
  -1.6093704e+01
  -1.5786968e+01
  -1.5548010e+01
  -1.5425718e+01
  -1.5453426e+01
  -1.5638912e+01
  -1.5965509e+01
  -1.6392106e+01
  -1.6864259e+01
  -1.7318633e+01
  -1.7691898e+01
  -1.7938494e+01
  -1.8026202e+01
  -1.7948356e+01
  -1.7721619e+01
  -1.7381550e+01
  -1.6973702e+01
  -1.6551410e+01
  -1.6164674e+01
  -1.5852382e+01
  -1.5641201e+01
  -1.5541132e+01
  -1.5548840e+01
  -1.5647660e+01
  -1.5810923e+01
  -1.6005298e+01
  -1.6190784e+01
  -1.6327381e+01
  -1.6375090e+01
  -1.6305020e+01
  -1.6096061e+01
  -1.5751548e+01
  -1.5298144e+01
  -1.4785853e+01
  -1.4288006e+01
  -1.3889047e+01
  -1.3671200e+01
  -1.3695574e+01
  -1.3991060e+01
  -1.4540991e+01
  -1.5282032e+01
  -1.6111963e+01
  -1.6904116e+01
  -1.7534046e+01
  -1.7897310e+01
  -1.7938351e+01
  -1.7656060e+01
  -1.7114879e+01
  -1.6423698e+01
  -1.5726962e+01
  -1.5165781e+01
  -1.4860156e+01
  -1.4880087e+01
  -1.5233350e+01
  -1.5866614e+01
  -1.6677656e+01
  -1.7534252e+01
  -1.8303072e+01
  -1.8874113e+01
  -1.9177378e+01
  -1.9193974e+01
  -1.8952793e+01
  -1.8522724e+01
  -1.7988210e+01
  -1.7438140e+01
  -1.6945849e+01
  -1.6562446e+01
  -1.6309043e+01
  -1.6178973e+01
  -1.6155570e+01
  -1.6208834e+01
  -1.6317653e+01
  -1.6468696e+01
  -1.6663070e+01
  -1.6913000e+01
  -1.7235153e+01
  -1.7643972e+01
  -1.8140570e+01
  -1.8710500e+01
  -1.9315986e+01
  -1.9901472e+01
  -2.0402513e+01
  -2.0757999e+01
  -2.0919041e+01
  -2.0861193e+01
  -2.0593347e+01
  -2.0158832e+01
  -1.9629873e+01
  -1.9095360e+01
  -1.8644179e+01
  -1.8350777e+01
  -1.8257373e+01
  -1.8363970e+01
  -1.8625012e+01
  -1.8954942e+01
  -1.9244872e+01
  -1.9380359e+01
  -1.9269178e+01
  -1.8860220e+01
  -1.8162372e+01
  -1.7248969e+01
  -1.6251122e+01
  -1.5337719e+01
  -1.4680983e+01
  -1.4424247e+01
  -1.4638621e+01
  -1.5292997e+01
  -1.6236260e+01
  -1.7190634e+01
  -1.7782788e+01
  -1.7577162e+01
  -1.6133760e+01
  -1.3081468e+01
  -8.1758422e+00
  -1.3546620e+00
   7.2376298e+00
   1.7248810e+01
   2.8149991e+01
   3.9305617e+01
   5.0043463e+01
   5.9743533e+01
   6.7919158e+01
   7.4265894e+01
   7.8694853e+01
   8.1321589e+01
   8.2431659e+01
   8.2419507e+01
   8.1725131e+01
   8.0758534e+01
   7.9849714e+01
   7.9209784e+01
   7.8922077e+01
   7.8955479e+01
   7.9186660e+01
   7.9447840e+01
   7.9563466e+01
   7.9393536e+01
   7.8855827e+01
   7.7940341e+01
   7.6710411e+01
   7.5284924e+01
   7.3818328e+01
   7.2473952e+01
   7.1397356e+01
   7.0694092e+01
   7.0414161e+01
   7.0549787e+01
   7.1036522e+01
   7.1762148e+01
   7.2591107e+01
   7.3378953e+01
   7.4000134e+01
   7.4360203e+01
   7.4414718e+01
   7.4164788e+01
   7.3663746e+01
   7.2998260e+01
   7.2273886e+01
   7.1591732e+01
   7.1036247e+01
   7.0655204e+01
   7.0454163e+01
   7.0395344e+01
   7.0412080e+01
   7.0414372e+01
   7.0317774e+01
   7.0052289e+01
   6.9583470e+01
   6.8915761e+01
   6.8093609e+01
   6.7189234e+01
   6.6294859e+01
   6.5497151e+01
   6.4861664e+01
   6.4425068e+01
   6.4179582e+01
   6.4082984e+01
   6.4064166e+01
   6.4042012e+01
   6.3937638e+01
   6.3696597e+01
   6.3289999e+01
   6.2728958e+01
   6.2049028e+01
   6.1304652e+01
   6.0558056e+01
   5.9860347e+01
   5.9247083e+01
   5.8730487e+01
   5.8302778e+01
   5.7942848e+01
   5.7621806e+01
   5.7317431e+01
   5.7016390e+01
   5.6717570e+01
   5.6429862e+01
   5.6162153e+01
   5.5923334e+01
   5.5702293e+01
   5.5474584e+01
   5.5192432e+01
   5.4795836e+01
   5.4219238e+01
   5.3402641e+01
   5.2308266e+01
   5.0927224e+01
   4.9287294e+01
   4.7447363e+01
   4.5494100e+01
   4.3529724e+01
   4.1655350e+01
   3.9960976e+01
   3.8508822e+01
   3.7324448e+01
   3.6396740e+01
   3.5675698e+01
   3.5075768e+01
   3.4489170e+01
   3.3799240e+01
   3.2889310e+01
   3.1666046e+01
   3.0073893e+01
   2.8097296e+01
   2.5777366e+01
   2.3196324e+01
   2.0477504e+01
   1.7759797e+01
   1.5175422e+01
   1.2834380e+01
   1.0795561e+01
   9.0656304e+00
   7.5890333e+00
   6.2679918e+00
   4.9736169e+00
   3.5759087e+00
   1.9682004e+00
   9.1603333e-02
  -2.0549938e+00
  -4.4093686e+00
  -6.8570767e+00
  -9.2492300e+00
  -1.1430271e+01
  -1.3256868e+01
  -1.4630132e+01
  -1.5503396e+01
  -1.5891103e+01
  -1.5865479e+01
  -1.5539853e+01
  -1.5050896e+01
  -1.4540826e+01
  -1.4131867e+01
  -1.3911798e+01
  -1.3929506e+01
  -1.4188326e+01
  -1.4650478e+01
  -1.5253741e+01
  -1.5918117e+01
  -1.6563602e+01
  -1.7121310e+01
  -1.7541241e+01
  -1.7800060e+01
  -1.7895547e+01
  -1.7844366e+01
  -1.7678740e+01
  -1.7434227e+01
  -1.7148601e+01
  -1.6855199e+01
  -1.6582907e+01
  -1.6352837e+01
  -1.6184990e+01
  -1.6093809e+01
  -1.6095961e+01
  -1.6200337e+01
  -1.6413600e+01
  -1.6733531e+01
  -1.7146794e+01
  -1.7626724e+01
  -1.8134433e+01
  -1.8625474e+01
  -1.9049850e+01
  -1.9365336e+01
  -1.9539710e+01
  -1.9561863e+01
  -1.9437349e+01
  -1.9195058e+01
  -1.8876099e+01
  -1.8529362e+01
  -1.8204849e+01
  -1.7939223e+01
  -1.7760264e+01
  -1.7675751e+01
  -1.7679014e+01
  -1.7754501e+01
  -1.7879987e+01
  -1.8035472e+01
  -1.8203181e+01
  -1.8369778e+01
  -1.8524153e+01
  -1.8656306e+01
  -1.8750680e+01
  -1.8786167e+01
  -1.8738319e+01
  -1.8582693e+01
  -1.8301513e+01
  -1.7891443e+01
  -1.7371374e+01
  -1.6782416e+01
  -1.6186790e+01
  -1.5660054e+01
  -1.5277762e+01
  -1.5104360e+01
  -1.5175401e+01
  -1.5497553e+01
  -1.6035262e+01
  -1.6725192e+01
  -1.7481790e+01
  -1.8213942e+01
  -1.8836094e+01
  -1.9289359e+01
  -1.9539289e+01
  -1.9586997e+01
  -1.9460261e+01
  -1.9205747e+01
  -1.8876789e+01
  -1.8524497e+01
  -1.8184427e+01
  -1.7874358e+01
  -1.7594288e+01
  -1.7329774e+01
  -1.7057482e+01
  -1.6761857e+01
  -1.6436232e+01
  -1.6093940e+01
  -1.5766092e+01
  -1.5498246e+01
  -1.5342620e+01
  -1.5343662e+01
  -1.5530259e+01
  -1.5903522e+01
  -1.6435676e+01
  -1.7071161e+01
  -1.7734426e+01
  -1.8338800e+01
  -1.8805397e+01
  -1.9070883e+01
  -1.9098591e+01
  -1.8885188e+01
  -1.8451786e+01
  -1.7851716e+01
  -1.7148313e+01
  -1.6418243e+01
  -1.5730396e+01
  -1.5143660e+01
  -1.4700257e+01
  -1.4417966e+01
  -1.4292340e+01
  -1.4297826e+01
  -1.4391090e+01
  -1.4521020e+01
  -1.4638729e+01
  -1.4697548e+01
  -1.4675256e+01
  -1.4565187e+01
  -1.4389561e+01
  -1.4190602e+01
  -1.4024978e+01
  -1.3953797e+01
  -1.4027061e+01
  -1.4275880e+01
  -1.4698032e+01
  -1.5259074e+01
  -1.5892338e+01
  -1.6510047e+01
  -1.7018866e+01
  -1.7334351e+01
  -1.7399838e+01
  -1.7196434e+01
  -1.6750809e+01
  -1.6130740e+01
  -1.5434003e+01
  -1.4773934e+01
  -1.4262753e+01
  -1.3984906e+01
  -1.3989281e+01
  -1.4272544e+01
  -1.4782476e+01
  -1.5422406e+01
  -1.6067891e+01
  -1.6587822e+01
  -1.6868863e+01
  -1.6835460e+01
  -1.6465391e+01
  -1.5794210e+01
  -1.4911919e+01
  -1.3951849e+01
  -1.3065112e+01
  -1.2398377e+01
  -1.2070529e+01
  -1.2152682e+01
  -1.2660390e+01
  -1.3546987e+01
  -1.4716918e+01
  -1.6039070e+01
  -1.7364557e+01
  -1.8552264e+01
  -1.9485528e+01
  -2.0086570e+01
  -2.0326500e+01
  -2.0221986e+01
  -1.9831917e+01
  -1.9247402e+01
  -1.8574000e+01
  -1.7920597e+01
  -1.7379416e+01
  -1.7020458e+01
  -1.6882610e+01
  -1.6966986e+01
  -1.7244693e+01
  -1.7659068e+01
  -1.8135666e+01
  -1.8593373e+01
  -1.8957748e+01
  -1.9164346e+01
  -1.9178720e+01
  -1.8988651e+01
  -1.8617470e+01
  -1.8112956e+01
  -1.7542887e+01
  -1.6981706e+01
  -1.6504970e+01
  -1.6166011e+01
  -1.5999274e+01
  -1.6005872e+01
  -1.6160247e+01
  -1.6419066e+01
  -1.6725663e+01
  -1.7033371e+01
  -1.7306636e+01
  -1.7535454e+01
  -1.7729829e+01
  -1.7919760e+01
  -1.8140801e+01
  -1.8424066e+01
  -1.8782884e+01
  -1.9203926e+01
  -1.9651634e+01
  -2.0069342e+01
  -2.0393718e+01
  -2.0566981e+01
  -2.0555800e+01
  -2.0353509e+01
  -1.9990106e+01
  -1.9522258e+01
  -1.9023300e+01
  -1.8567674e+01
  -1.8214272e+01
  -1.7998647e+01
  -1.7920799e+01
  -1.7955174e+01
  -1.8058438e+01
  -1.8181702e+01
  -1.8284966e+01
  -1.8352673e+01
  -1.8397049e+01
  -1.8454757e+01
  -1.8580242e+01
  -1.8830173e+01
  -1.9243437e+01
  -1.9825590e+01
  -2.0542187e+01
  -2.1313228e+01
  -2.2028714e+01
  -2.2564200e+01
  -2.2808576e+01
  -2.2689617e+01
  -2.2196213e+01
  -2.1389478e+01
  -2.0401630e+01
  -1.9413783e+01
  -1.8625936e+01
  -1.8214754e+01
  -1.8283574e+01
  -1.8825727e+01
  -1.9698990e+01
  -2.0624477e+01
  -2.1201073e+01
  -2.0962116e+01
  -1.9428712e+01
  -1.6197531e+01
  -1.1001907e+01
  -3.7762812e+00
   5.3204550e+00
   1.5902747e+01
   2.7405039e+01
   3.9138441e+01
   5.0386289e+01
   6.0486359e+01
   6.8915317e+01
   7.5345387e+01
   7.9669900e+01
   8.1998859e+01
   8.2628929e+01
   8.1976776e+01
   8.0524623e+01
   7.8738026e+01
   7.7016984e+01
   7.5650388e+01
   7.4794901e+01
   7.4474971e+01
   7.4607263e+01
   7.5029554e+01
   7.5545180e+01
   7.5961916e+01
   7.6128652e+01
   7.5959833e+01
   7.5442124e+01
   7.4632194e+01
   7.3642263e+01
   7.2613444e+01
   7.1687959e+01
   7.0984694e+01
   7.0576987e+01
   7.0485944e+01
   7.0673792e+01
   7.1061640e+01
   7.1537264e+01
   7.1984001e+01
   7.2296293e+01
   7.2401918e+01
   7.2266432e+01
   7.1900946e+01
   7.1355460e+01
   7.0703308e+01
   7.0028932e+01
   6.9406780e+01
   6.8890182e+01
   6.8504697e+01
   6.8240322e+01
   6.8063724e+01
   6.7928239e+01
   6.7786087e+01
   6.7599489e+01
   6.7351781e+01
   6.7050739e+01
   6.6719698e+01
   6.6393101e+01
   6.6104281e+01
   6.5869907e+01
   6.5688864e+01
   6.5535601e+01
   6.5367893e+01
   6.5139073e+01
   6.4809143e+01
   6.4361436e+01
   6.3805949e+01
   6.3181574e+01
   6.2551643e+01
   6.1986158e+01
   6.1549561e+01
   6.1281852e+01
   6.1186367e+01
   6.1230880e+01
   6.1347617e+01
   6.1448798e+01
   6.1443311e+01
   6.1256714e+01
   6.0844561e+01
   6.0204631e+01
   5.9376923e+01
   5.8431437e+01
   5.7463729e+01
   5.6566021e+01
   5.5811646e+01
   5.5240604e+01
   5.4849562e+01
   5.4589632e+01
   5.4375258e+01
   5.4096438e+01
   5.3640952e+01
   5.2916577e+01
   5.1859980e+01
   5.0457828e+01
   4.8747897e+01
   4.6811300e+01
   4.4763592e+01
   4.2738106e+01
   4.0863731e+01
   3.9247133e+01
   3.7956092e+01
   3.7009496e+01
   3.6379564e+01
   3.5987412e+01
   3.5723037e+01
   3.5455329e+01
   3.5049843e+01
   3.4391023e+01
   3.3393316e+01
   3.2014497e+01
   3.0259010e+01
   2.8174636e+01
   2.5844704e+01
   2.3375886e+01
   2.0873733e+01
   1.8436024e+01
   1.6130539e+01
   1.3991719e+01
   1.2017344e+01
   1.0170747e+01
   8.3974836e+00
   6.6319976e+00
   4.8231783e+00
   2.9388034e+00
   9.7331744e-01
  -1.0410574e+00
  -3.0487657e+00
  -4.9742517e+00
  -6.7375156e+00
  -8.2652233e+00
  -9.5051544e+00
  -1.0430640e+01
  -1.1043903e+01
  -1.1378279e+01
  -1.1484876e+01
  -1.1427029e+01
  -1.1270292e+01
  -1.1073556e+01
  -1.0884598e+01
  -1.0735639e+01
  -1.0650013e+01
  -1.0637722e+01
  -1.0707652e+01
  -1.0864250e+01
  -1.1114180e+01
  -1.1459666e+01
  -1.1900708e+01
  -1.2428416e+01
  -1.3025013e+01
  -1.3660499e+01
  -1.4295984e+01
  -1.4888138e+01
  -1.5392512e+01
  -1.5769110e+01
  -1.5992373e+01
  -1.6045637e+01
  -1.5934457e+01
  -1.5678831e+01
  -1.5313206e+01
  -1.4886470e+01
  -1.4450844e+01
  -1.4059664e+01
  -1.3757372e+01
  -1.3575080e+01
  -1.3525011e+01
  -1.3601608e+01
  -1.3780428e+01
  -1.4027024e+01
  -1.4303621e+01
  -1.4572441e+01
  -1.4811260e+01
  -1.5004523e+01
  -1.5153343e+01
  -1.5271051e+01
  -1.5373204e+01
  -1.5478690e+01
  -1.5601953e+01
  -1.5757440e+01
  -1.5950703e+01
  -1.6186190e+01
  -1.6463898e+01
  -1.6781606e+01
  -1.7133759e+01
  -1.7505911e+01
  -1.7878063e+01
  -1.8223550e+01
  -1.8514591e+01
  -1.8722300e+01
  -1.8828897e+01
  -1.8829938e+01
  -1.8739869e+01
  -1.8589799e+01
  -1.8420841e+01
  -1.8279660e+01
  -1.8207368e+01
  -1.8226188e+01
  -1.8341673e+01
  -1.8530493e+01
  -1.8757090e+01
  -1.8970353e+01
  -1.9122507e+01
  -1.9176881e+01
  -1.9116811e+01
  -1.8944520e+01
  -1.8685561e+01
  -1.8374381e+01
  -1.8050978e+01
  -1.7747574e+01
  -1.7480839e+01
  -1.7255213e+01
  -1.7059589e+01
  -1.6881741e+01
  -1.6706116e+01
  -1.6528269e+01
  -1.6354866e+01
  -1.6199240e+01
  -1.6080282e+01
  -1.6011323e+01
  -1.5996810e+01
  -1.6025629e+01
  -1.6075559e+01
  -1.6117712e+01
  -1.6123198e+01
  -1.6070907e+01
  -1.5955281e+01
  -1.5784100e+01
  -1.5577364e+01
  -1.5361739e+01
  -1.5160558e+01
  -1.4990489e+01
  -1.4857086e+01
  -1.4758128e+01
  -1.4688058e+01
  -1.4639099e+01
  -1.4614586e+01
  -1.4624516e+01
  -1.4687780e+01
  -1.4821043e+01
  -1.5033196e+01
  -1.5319793e+01
  -1.5651946e+01
  -1.5988543e+01
  -1.6274029e+01
  -1.6458403e+01
  -1.6501668e+01
  -1.6394931e+01
  -1.6154861e+01
  -1.5829237e+01
  -1.5481389e+01
  -1.5180209e+01
  -1.4980139e+01
  -1.4913402e+01
  -1.4982222e+01
  -1.5159930e+01
  -1.5396528e+01
  -1.5638680e+01
  -1.5836388e+01
  -1.5960763e+01
  -1.6002916e+01
  -1.5980623e+01
  -1.5927221e+01
  -1.5880484e+01
  -1.5873749e+01
  -1.5925901e+01
  -1.6034720e+01
  -1.6176873e+01
  -1.6317914e+01
  -1.6414512e+01
  -1.6428887e+01
  -1.6337706e+01
  -1.6135414e+01
  -1.5835344e+01
  -1.5470831e+01
  -1.5081872e+01
  -1.4712913e+01
  -1.4399511e+01
  -1.4164997e+01
  -1.4019371e+01
  -1.3953747e+01
  -1.3948121e+01
  -1.3975830e+01
  -1.4011316e+01
  -1.4033468e+01
  -1.4031177e+01
  -1.4002218e+01
  -1.3952149e+01
  -1.3893190e+01
  -1.3835342e+01
  -1.3787496e+01
  -1.3756314e+01
  -1.3742911e+01
  -1.3746176e+01
  -1.3767217e+01
  -1.3808259e+01
  -1.3872633e+01
  -1.3972563e+01
  -1.4118050e+01
  -1.4320202e+01
  -1.4589022e+01
  -1.4927841e+01
  -1.5328882e+01
  -1.5779924e+01
  -1.6254299e+01
  -1.6719784e+01
  -1.7138604e+01
  -1.7468534e+01
  -1.7675132e+01
  -1.7728396e+01
  -1.7617214e+01
  -1.7343812e+01
  -1.6934853e+01
  -1.6434784e+01
  -1.5902492e+01
  -1.5402422e+01
  -1.4997909e+01
  -1.4737839e+01
  -1.4644437e+01
  -1.4717700e+01
  -1.4928741e+01
  -1.5227561e+01
  -1.5557491e+01
  -1.5865199e+01
  -1.6109574e+01
  -1.6275060e+01
  -1.6368324e+01
  -1.6412699e+01
  -1.6442629e+01
  -1.6488116e+01
  -1.6564712e+01
  -1.6671310e+01
  -1.6786796e+01
  -1.6877837e+01
  -1.6907768e+01
  -1.6851031e+01
  -1.6700961e+01
  -1.6472003e+01
  -1.6200822e+01
  -1.5939642e+01
  -1.5740683e+01
  -1.5646169e+01
  -1.5678322e+01
  -1.5838252e+01
  -1.6098183e+01
  -1.6414780e+01
  -1.6738043e+01
  -1.7019086e+01
  -1.7219016e+01
  -1.7321168e+01
  -1.7324432e+01
  -1.7245473e+01
  -1.7112071e+01
  -1.6954223e+01
  -1.6795264e+01
  -1.6647418e+01
  -1.6508459e+01
  -1.6362834e+01
  -1.6187209e+01
  -1.5956028e+01
  -1.5651514e+01
  -1.5268111e+01
  -1.4824709e+01
  -1.4357972e+01
  -1.3927902e+01
  -1.3604500e+01
  -1.3459986e+01
  -1.3552138e+01
  -1.3913180e+01
  -1.4528666e+01
  -1.5328597e+01
  -1.6174082e+01
  -1.6860679e+01
  -1.7126166e+01
  -1.6664984e+01
  -1.5167138e+01
  -1.2349290e+01
  -8.0069978e+00
  -2.0502619e+00
   5.4609188e+00
   1.4309877e+01
   2.4123280e+01
   3.4414461e+01
   4.4628974e+01
   5.4213489e+01
   6.2680226e+01
   6.9666961e+01
   7.4970364e+01
   7.8565989e+01
   8.0584948e+01
   8.1291684e+01
   8.1025087e+01
   8.0148490e+01
   7.8998560e+01
   7.7848629e+01
   7.6882032e+01
   7.6194323e+01
   7.5797727e+01
   7.5647797e+01
   7.5664532e+01
   7.5761269e+01
   7.5863560e+01
   7.5925852e+01
   7.5929256e+01
   7.5879324e+01
   7.5794950e+01
   7.5699463e+01
   7.5603978e+01
   7.5506270e+01
   7.5387450e+01
   7.5218631e+01
   7.4966479e+01
   7.4606548e+01
   7.4127729e+01
   7.3540020e+01
   7.2872312e+01
   7.2172382e+01
   7.1490229e+01
   7.0878077e+01
   7.0375923e+01
   7.0004882e+01
   6.9766063e+01
   6.9637243e+01
   6.9577313e+01
   6.9537383e+01
   6.9461897e+01
   6.9305300e+01
   6.9034258e+01
   6.8635439e+01
   6.8114398e+01
   6.7498911e+01
   6.6831203e+01
   6.6162383e+01
   6.5548009e+01
   6.5034746e+01
   6.4653703e+01
   6.4421551e+01
   6.4326064e+01
   6.4338357e+01
   6.4406204e+01
   6.4468496e+01
   6.4464121e+01
   6.4340858e+01
   6.4068704e+01
   6.3647663e+01
   6.3105510e+01
   6.2492247e+01
   6.1871206e+01
   6.1303497e+01
   6.0830233e+01
   6.0459191e+01
   6.0159261e+01
   5.9865998e+01
   5.9488289e+01
   5.8928359e+01
   5.8108429e+01
   5.6984053e+01
   5.5564123e+01
   5.3910859e+01
   5.2137596e+01
   5.0383221e+01
   4.8796623e+01
   4.7501138e+01
   4.6576762e+01
   4.6043499e+01
   4.5854680e+01
   4.5909193e+01
   4.6065930e+01
   4.6172667e+01
   4.6092736e+01
   4.5726139e+01
   4.5026208e+01
   4.4005167e+01
   4.2723014e+01
   4.1276417e+01
   3.9768709e+01
   3.8295444e+01
   3.6916626e+01
   3.5651140e+01
   3.4472320e+01
   3.3314612e+01
   3.2094681e+01
   3.0729196e+01
   2.9157043e+01
   2.7353779e+01
   2.5338293e+01
   2.3173919e+01
   2.0952877e+01
   1.8778502e+01
   1.6744127e+01
   1.4915308e+01
   1.3310933e+01
   1.1904336e+01
   1.0621072e+01
   9.3600306e+00
   8.0089890e+00
   6.4723919e+00
   4.6880170e+00
   2.6458643e+00
   3.9148944e-01
  -1.9817743e+00
  -4.3383713e+00
  -6.5349689e+00
  -8.4326767e+00
  -9.9303844e+00
  -1.0974760e+01
  -1.1573579e+01
  -1.1790177e+01
  -1.1733440e+01
  -1.1538926e+01
  -1.1342190e+01
  -1.1256564e+01
  -1.1358717e+01
  -1.1674203e+01
  -1.2180800e+01
  -1.2814064e+01
  -1.3489550e+01
  -1.4115036e+01
  -1.4616078e+01
  -1.4942674e+01
  -1.5085939e+01
  -1.5063647e+01
  -1.4926910e+01
  -1.4733508e+01
  -1.4542327e+01
  -1.4400036e+01
  -1.4329966e+01
  -1.4329896e+01
  -1.4380938e+01
  -1.4447534e+01
  -1.4495242e+01
  -1.4494062e+01
  -1.4429548e+01
  -1.4307257e+01
  -1.4148298e+01
  -1.3991561e+01
  -1.3880381e+01
  -1.3856978e+01
  -1.3951353e+01
  -1.4176839e+01
  -1.4523436e+01
  -1.4962256e+01
  -1.5447741e+01
  -1.5926560e+01
  -1.6346491e+01
  -1.6669754e+01
  -1.6876352e+01
  -1.6969616e+01
  -1.6972879e+01
  -1.6930588e+01
  -1.6889407e+01
  -1.6896004e+01
  -1.6989268e+01
  -1.7184753e+01
  -1.7479129e+01
  -1.7850170e+01
  -1.8258989e+01
  -1.8654476e+01
  -1.8983294e+01
  -1.9196559e+01
  -1.9254267e+01
  -1.9125308e+01
  -1.8799683e+01
  -1.8278502e+01
  -1.7581767e+01
  -1.6745030e+01
  -1.5818293e+01
  -1.4862669e+01
  -1.3951488e+01
  -1.3156974e+01
  -1.2552460e+01
  -1.2201279e+01
  -1.2146766e+01
  -1.2412251e+01
  -1.2989959e+01
  -1.3843223e+01
  -1.4905376e+01
  -1.6089751e+01
  -1.7295237e+01
  -1.8419611e+01
  -1.9366209e+01
  -2.0057250e+01
  -2.0442737e+01
  -2.0500444e+01
  -2.0241486e+01
  -1.9708083e+01
  -1.8968013e+01
  -1.8107943e+01
  -1.7221208e+01
  -1.6402249e+01
  -1.5733291e+01
  -1.5272110e+01
  -1.5048707e+01
  -1.5058638e+01
  -1.5266346e+01
  -1.5609610e+01
  -1.6011762e+01
  -1.6395026e+01
  -1.6694957e+01
  -1.6871553e+01
  -1.6917040e+01
  -1.6859192e+01
  -1.6750233e+01
  -1.6659053e+01
  -1.6650094e+01
  -1.6771136e+01
  -1.7041067e+01
  -1.7437663e+01
  -1.7909817e+01
  -1.8377524e+01
  -1.8757454e+01
  -1.8976274e+01
  -1.8990649e+01
  -1.8793913e+01
  -1.8423843e+01
  -1.7950440e+01
  -1.7464816e+01
  -1.7059190e+01
  -1.6808009e+01
  -1.6749051e+01
  -1.6883426e+01
  -1.7170023e+01
  -1.7536620e+01
  -1.7897661e+01
  -1.8166481e+01
  -1.8278633e+01
  -1.8199676e+01
  -1.7934050e+01
  -1.7520647e+01
  -1.7026133e+01
  -1.6530508e+01
  -1.6112660e+01
  -1.5838147e+01
  -1.5741410e+01
  -1.5829119e+01
  -1.6079049e+01
  -1.6440090e+01
  -1.6850021e+01
  -1.7242173e+01
  -1.7559882e+01
  -1.7760923e+01
  -1.7825298e+01
  -1.7755229e+01
  -1.7576270e+01
  -1.7325090e+01
  -1.7051687e+01
  -1.6802728e+01
  -1.6618214e+01
  -1.6525922e+01
  -1.6532519e+01
  -1.6624672e+01
  -1.6773491e+01
  -1.6933422e+01
  -1.7056686e+01
  -1.7095504e+01
  -1.7019880e+01
  -1.6813143e+01
  -1.6484186e+01
  -1.6065227e+01
  -1.5602934e+01
  -1.5158421e+01
  -1.4792796e+01
  -1.4556059e+01
  -1.4481546e+01
  -1.4578142e+01
  -1.4824740e+01
  -1.5178003e+01
  -1.5576822e+01
  -1.5950087e+01
  -1.6233350e+01
  -1.6376614e+01
  -1.6359878e+01
  -1.6188697e+01
  -1.5901961e+01
  -1.5561891e+01
  -1.5244043e+01
  -1.5022863e+01
  -1.4959460e+01
  -1.5090502e+01
  -1.5423766e+01
  -1.5933696e+01
  -1.6568071e+01
  -1.7259112e+01
  -1.7930154e+01
  -1.8510084e+01
  -1.8944459e+01
  -1.9202168e+01
  -1.9276542e+01
  -1.9190918e+01
  -1.8984181e+01
  -1.8710778e+01
  -1.8430709e+01
  -1.8192861e+01
  -1.8037236e+01
  -1.7982722e+01
  -1.8028208e+01
  -1.8157028e+01
  -1.8340291e+01
  -1.8543554e+01
  -1.8737930e+01
  -1.8901193e+01
  -1.9023347e+01
  -1.9104388e+01
  -1.9147651e+01
  -1.9163138e+01
  -1.9156401e+01
  -1.9126331e+01
  -1.9071818e+01
  -1.8987303e+01
  -1.8872790e+01
  -1.8736053e+01
  -1.8594872e+01
  -1.8472581e+01
  -1.8402511e+01
  -1.8411331e+01
  -1.8516817e+01
  -1.8717858e+01
  -1.8994456e+01
  -1.9307719e+01
  -1.9606539e+01
  -1.9836469e+01
  -1.9950843e+01
  -1.9921886e+01
  -1.9747371e+01
  -1.9450634e+01
  -1.9077232e+01
  -1.8689384e+01
  -1.8352649e+01
  -1.8132579e+01
  -1.8074731e+01
  -1.8204662e+01
  -1.8521259e+01
  -1.8991190e+01
  -1.9557787e+01
  -2.0141050e+01
  -2.0652092e+01
  -2.1005356e+01
  -2.1130841e+01
  -2.0992994e+01
  -2.0597369e+01
  -1.9999522e+01
  -1.9300563e+01
  -1.8636049e+01
  -1.8145980e+01
  -1.7955910e+01
  -1.8129174e+01
  -1.8645771e+01
  -1.9377923e+01
  -2.0078966e+01
  -2.0408896e+01
  -1.9961048e+01
  -1.8320979e+01
  -1.5130909e+01
  -1.0149729e+01
  -3.3118811e+00
   5.2481884e+00
   1.5188258e+01
   2.5997217e+01
   3.7046174e+01
   4.7672911e+01
   5.7265203e+01
   6.5337494e+01
   7.1592009e+01
   7.5938744e+01
   7.8494370e+01
   7.9542218e+01
   7.9474509e+01
   7.8723468e+01
   7.7691316e+01
   7.6699162e+01
   7.5954788e+01
   7.5547079e+01
   7.5459371e+01
   7.5602774e+01
   7.5853954e+01
   7.6092913e+01
   7.6229649e+01
   7.6220830e+01
   7.6069789e+01
   7.5815413e+01
   7.5512150e+01
   7.5211109e+01
   7.4945622e+01
   7.4717914e+01
   7.4503539e+01
   7.4258053e+01
   7.3931457e+01
   7.3484859e+01
   7.2900484e+01
   7.2191664e+01
   7.1398401e+01
   7.0585138e+01
   6.9822984e+01
   6.9181943e+01
   6.8707569e+01
   6.8422082e+01
   6.8317708e+01
   6.8356666e+01
   6.8480069e+01
   6.8620139e+01
   6.8712430e+01
   6.8703611e+01
   6.8561458e+01
   6.8277083e+01
   6.7869376e+01
   6.7376111e+01
   6.6847292e+01
   6.6338472e+01
   6.5900764e+01
   6.5567501e+01
   6.5354237e+01
   6.5252084e+01
   6.5231043e+01
   6.5242223e+01
   6.5224516e+01
   6.5117918e+01
   6.4867988e+01
   6.4440280e+01
   6.3822571e+01
   6.3031530e+01
   6.2110488e+01
   6.1127224e+01
   6.0161739e+01
   5.9296252e+01
   5.8599656e+01
   5.8118614e+01
   5.7864239e+01
   5.7808753e+01
   5.7889933e+01
   5.8015559e+01
   5.8080073e+01
   5.7982364e+01
   5.7641323e+01
   5.7008059e+01
   5.6083684e+01
   5.4912643e+01
   5.3581601e+01
   5.2202782e+01
   5.0898408e+01
   4.9779588e+01
   4.8926324e+01
   4.8377504e+01
   4.8119797e+01
   4.8096533e+01
   4.8208824e+01
   4.8336672e+01
   4.8356741e+01
   4.8157922e+01
   4.7656881e+01
   4.6810283e+01
   4.5618131e+01
   4.4117089e+01
   4.2377159e+01
   4.0485007e+01
   3.8532853e+01
   3.6601812e+01
   3.4755216e+01
   3.3026396e+01
   3.1425354e+01
   2.9937646e+01
   2.8528827e+01
   2.7157786e+01
   2.5782299e+01
   2.4364591e+01
   2.2879104e+01
   2.1311397e+01
   1.9659244e+01
   1.7922647e+01
   1.6112717e+01
   1.4233897e+01
   1.2292856e+01
   1.0295147e+01
   8.2474393e+00
   6.1597311e+00
   4.0509118e+00
   1.9509813e+00
  -1.0117133e-01
  -2.0633240e+00
  -3.8910322e+00
  -5.5531848e+00
  -7.0320044e+00
  -8.3297122e+00
  -9.4685322e+00
  -1.0482907e+01
  -1.1411726e+01
  -1.2289434e+01
  -1.3130476e+01
  -1.3929294e+01
  -1.4655892e+01
  -1.5264711e+01
  -1.5701309e+01
  -1.5922350e+01
  -1.5902280e+01
  -1.5649989e+01
  -1.5206586e+01
  -1.4648739e+01
  -1.4070891e+01
  -1.3576377e+01
  -1.3259641e+01
  -1.3188460e+01
  -1.3392834e+01
  -1.3859432e+01
  -1.4532696e+01
  -1.5322627e+01
  -1.6121446e+01
  -1.6815820e+01
  -1.7306862e+01
  -1.7524570e+01
  -1.7438946e+01
  -1.7065542e+01
  -1.6461028e+01
  -1.5720959e+01
  -1.4960889e+01
  -1.4304152e+01
  -1.3865194e+01
  -1.3732902e+01
  -1.3959500e+01
  -1.4549430e+01
  -1.5458249e+01
  -1.6598180e+01
  -1.7848110e+01
  -1.9068041e+01
  -2.0121304e+01
  -2.0887901e+01
  -2.1288943e+01
  -2.1292207e+01
  -2.0916582e+01
  -2.0229846e+01
  -1.9334220e+01
  -1.8353040e+01
  -1.7405192e+01
  -1.6597344e+01
  -1.6003942e+01
  -1.5658317e+01
  -1.5558248e+01
  -1.5665956e+01
  -1.5918108e+01
  -1.6240261e+01
  -1.6554636e+01
  -1.6800122e+01
  -1.6931163e+01
  -1.6929982e+01
  -1.6806580e+01
  -1.6588732e+01
  -1.6321996e+01
  -1.6056371e+01
  -1.5837412e+01
  -1.5696232e+01
  -1.5642829e+01
  -1.5670537e+01
  -1.5753801e+01
  -1.5858176e+01
  -1.5951440e+01
  -1.6013592e+01
  -1.6039078e+01
  -1.6041231e+01
  -1.6052272e+01
  -1.6109980e+01
  -1.6246578e+01
  -1.6484286e+01
  -1.6819772e+01
  -1.7223036e+01
  -1.7641854e+01
  -1.8005119e+01
  -1.8242827e+01
  -1.8289424e+01
  -1.8107132e+01
  -1.7685951e+01
  -1.7054771e+01
  -1.6274701e+01
  -1.5433521e+01
  -1.4631229e+01
  -1.3968937e+01
  -1.3532201e+01
  -1.3382131e+01
  -1.3547617e+01
  -1.4018659e+01
  -1.4751922e+01
  -1.5672964e+01
  -1.6686228e+01
  -1.7681713e+01
  -1.8549422e+01
  -1.9188241e+01
  -1.9515950e+01
  -1.9482547e+01
  -1.9075810e+01
  -1.8326852e+01
  -1.7306782e+01
  -1.6124490e+01
  -1.4915532e+01
  -1.3824351e+01
  -1.2985393e+01
  -1.2504212e+01
  -1.2440809e+01
  -1.2801851e+01
  -1.3535114e+01
  -1.4537268e+01
  -1.5669420e+01
  -1.6776017e+01
  -1.7711503e+01
  -1.8355878e+01
  -1.8636919e+01
  -1.8533517e+01
  -1.8080113e+01
  -1.7355600e+01
  -1.6465530e+01
  -1.5527682e+01
  -1.4654280e+01
  -1.3933099e+01
  -1.3421919e+01
  -1.3142960e+01
  -1.3086223e+01
  -1.3216154e+01
  -1.3482751e+01
  -1.3824904e+01
  -1.4183723e+01
  -1.4505876e+01
  -1.4751362e+01
  -1.4892403e+01
  -1.4920111e+01
  -1.4837820e+01
  -1.4666639e+01
  -1.4441014e+01
  -1.4199833e+01
  -1.3985319e+01
  -1.3836361e+01
  -1.3779624e+01
  -1.3828444e+01
  -1.3980597e+01
  -1.4219416e+01
  -1.4520458e+01
  -1.4853721e+01
  -1.5191429e+01
  -1.5509138e+01
  -1.5794623e+01
  -1.6038999e+01
  -1.6237818e+01
  -1.6391081e+01
  -1.6493234e+01
  -1.6537609e+01
  -1.6517540e+01
  -1.6425248e+01
  -1.6261844e+01
  -1.6033998e+01
  -1.5761706e+01
  -1.5472748e+01
  -1.5199344e+01
  -1.4972608e+01
  -1.4813650e+01
  -1.4729136e+01
  -1.4712399e+01
  -1.4735663e+01
  -1.4763371e+01
  -1.4757747e+01
  -1.4692121e+01
  -1.4554273e+01
  -1.4358649e+01
  -1.4144134e+01
  -1.3966288e+01
  -1.3889551e+01
  -1.3969481e+01
  -1.4239412e+01
  -1.4697120e+01
  -1.5301494e+01
  -1.5973648e+01
  -1.6610244e+01
  -1.7099064e+01
  -1.7350106e+01
  -1.7308924e+01
  -1.6975522e+01
  -1.6409897e+01
  -1.5723161e+01
  -1.5057536e+01
  -1.4559688e+01
  -1.4352952e+01
  -1.4505104e+01
  -1.5016146e+01
  -1.5810521e+01
  -1.6754896e+01
  -1.7679271e+01
  -1.8412534e+01
  -1.8815798e+01
  -1.8810173e+01
  -1.8394548e+01
  -1.7644479e+01
  -1.6699964e+01
  -1.5736561e+01
  -1.4932048e+01
  -1.4435311e+01
  -1.4338576e+01
  -1.4664061e+01
  -1.5362880e+01
  -1.6329478e+01
  -1.7421630e+01
  -1.8487116e+01
  -1.9392602e+01
  -2.0040310e+01
  -2.0378019e+01
  -2.0407949e+01
  -2.0175657e+01
  -1.9756699e+01
  -1.9245518e+01
  -1.8734338e+01
  -1.8305379e+01
  -1.8016420e+01
  -1.7896351e+01
  -1.7946281e+01
  -1.8136211e+01
  -1.8419476e+01
  -1.8730517e+01
  -1.9002670e+01
  -1.9178156e+01
  -1.9213641e+01
  -1.9094683e+01
  -1.8836836e+01
  -1.8488989e+01
  -1.8125586e+01
  -1.7833293e+01
  -1.7694336e+01
  -1.7762043e+01
  -1.8034196e+01
  -1.8439682e+01
  -1.8817390e+01
  -1.8926210e+01
  -1.8455029e+01
  -1.7053848e+01
  -1.4389334e+01
  -1.0184820e+01
  -4.2847507e+00
   3.3108744e+00
   1.2417611e+01
   2.2672124e+01
   3.3563306e+01
   4.4478930e+01
   5.4786778e+01
   6.3905737e+01
   7.1379139e+01
   7.6928098e+01
   8.0479279e+01
   8.2161570e+01
   8.2276084e+01
   8.1242820e+01
   7.9534001e+01
   7.7608516e+01
   7.5849696e+01
   7.4524210e+01
   7.3765390e+01
   7.3574349e+01
   7.3845530e+01
   7.4401154e+01
   7.5036780e+01
   7.5565739e+01
   7.5848030e+01
   7.5815878e+01
   7.5473724e+01
   7.4890461e+01
   7.4180531e+01
   7.3468378e+01
   7.2870670e+01
   7.2464072e+01
   7.2274142e+01
   7.2275323e+01
   7.2395392e+01
   7.2536573e+01
   7.2594421e+01
   7.2482268e+01
   7.2147893e+01
   7.1583518e+01
   7.0823588e+01
   6.9940324e+01
   6.9023727e+01
   6.8171574e+01
   6.7462754e+01
   6.6955047e+01
   6.6669561e+01
   6.6591852e+01
   6.6683033e+01
   6.6880880e+01
   6.7113172e+01
   6.7307687e+01
   6.7399978e+01
   6.7342270e+01
   6.7104562e+01
   6.6682409e+01
   6.6093590e+01
   6.5378103e+01
   6.4593729e+01
   6.3810466e+01
   6.3094979e+01
   6.2505049e+01
   6.2071784e+01
   6.1799632e+01
   6.1658591e+01
   6.1593104e+01
   6.1528730e+01
   6.1387689e+01
   6.1111091e+01
   6.0662272e+01
   6.0044563e+01
   5.9293522e+01
   5.8473592e+01
   5.7664772e+01
   5.6943731e+01
   5.6369356e+01
   5.5971648e+01
   5.5748384e+01
   5.5660676e+01
   5.5649634e+01
   5.5639703e+01
   5.5561996e+01
   5.5358732e+01
   5.4998801e+01
   5.4474427e+01
   5.3804497e+01
   5.3029010e+01
   5.2194636e+01
   5.1350260e+01
   5.0532552e+01
   4.9763733e+01
   4.9044913e+01
   4.8359428e+01
   4.7676163e+01
   4.6959567e+01
   4.6172970e+01
   4.5293039e+01
   4.4305331e+01
   4.3212068e+01
   4.2025470e+01
   4.0764429e+01
   3.9446720e+01
   3.8083457e+01
   3.6673527e+01
   3.5203596e+01
   3.3649221e+01
   3.1982623e+01
   3.0180471e+01
   2.8229430e+01
   2.6135054e+01
   2.3920680e+01
   2.1626306e+01
   1.9303041e+01
   1.7003111e+01
   1.4769847e+01
   1.2632139e+01
   1.0594431e+01
   8.6445002e+00
   6.7545698e+00
   4.8868616e+00
   3.0058200e+00
   1.0892229e+00
  -8.6848522e-01
  -2.8517490e+00
  -4.8261239e+00
  -6.7427211e+00
  -8.5482067e+00
  -1.0193693e+01
  -1.1641401e+01
  -1.2874664e+01
  -1.3893484e+01
  -1.4715637e+01
  -1.5367790e+01
  -1.5884387e+01
  -1.6292094e+01
  -1.6610914e+01
  -1.6847511e+01
  -1.7001887e+01
  -1.7066261e+01
  -1.7033969e+01
  -1.6903900e+01
  -1.6684941e+01
  -1.6397093e+01
  -1.6069247e+01
  -1.5736954e+01
  -1.5440219e+01
  -1.5212371e+01
  -1.5082301e+01
  -1.5067788e+01
  -1.5176607e+01
  -1.5403204e+01
  -1.5733134e+01
  -1.6143064e+01
  -1.6601884e+01
  -1.7076259e+01
  -1.7527300e+01
  -1.7920564e+01
  -1.8228272e+01
  -1.8429314e+01
  -1.8515911e+01
  -1.8494730e+01
  -1.8384661e+01
  -1.8216813e+01
  -1.8027856e+01
  -1.7853341e+01
  -1.7723271e+01
  -1.7658758e+01
  -1.7662021e+01
  -1.7727508e+01
  -1.7832993e+01
  -1.7955146e+01
  -1.8069521e+01
  -1.8157229e+01
  -1.8207159e+01
  -1.8221534e+01
  -1.8208131e+01
  -1.8183618e+01
  -1.8167992e+01
  -1.8180144e+01
  -1.8237853e+01
  -1.8353339e+01
  -1.8532159e+01
  -1.8776533e+01
  -1.9076463e+01
  -1.9418617e+01
  -1.9779658e+01
  -2.0132921e+01
  -2.0450630e+01
  -2.0705004e+01
  -2.0879380e+01
  -2.0962643e+01
  -2.0962573e+01
  -2.0893616e+01
  -2.0785768e+01
  -2.0666810e+01
  -2.0568962e+01
  -2.0516670e+01
  -2.0523268e+01
  -2.0593198e+01
  -2.0720907e+01
  -2.0894170e+01
  -2.1095211e+01
  -2.1304031e+01
  -2.1500628e+01
  -2.1661669e+01
  -2.1768267e+01
  -2.1798197e+01
  -2.1735906e+01
  -2.1566947e+01
  -2.1286877e+01
  -2.0901252e+01
  -2.0427849e+01
  -1.9896669e+01
  -1.9344377e+01
  -1.8816529e+01
  -1.8353127e+01
  -1.7991946e+01
  -1.7756320e+01
  -1.7660696e+01
  -1.7705070e+01
  -1.7878334e+01
  -1.8164931e+01
  -1.8539306e+01
  -1.8975903e+01
  -1.9442500e+01
  -1.9905764e+01
  -2.0325694e+01
  -2.0664513e+01
  -2.0885556e+01
  -2.0957708e+01
  -2.0865416e+01
  -2.0608680e+01
  -2.0209721e+01
  -1.9706319e+01
  -1.9151804e+01
  -1.8607290e+01
  -1.8128332e+01
  -1.7758262e+01
  -1.7520416e+01
  -1.7418123e+01
  -1.7431387e+01
  -1.7525762e+01
  -1.7660137e+01
  -1.7794512e+01
  -1.7896664e+01
  -1.7953261e+01
  -1.7963192e+01
  -1.7940900e+01
  -1.7908608e+01
  -1.7888539e+01
  -1.7901802e+01
  -1.7953956e+01
  -1.8044997e+01
  -1.8162704e+01
  -1.8290413e+01
  -1.8408121e+01
  -1.8500274e+01
  -1.8551316e+01
  -1.8553468e+01
  -1.8498954e+01
  -1.8381107e+01
  -1.8196592e+01
  -1.7942079e+01
  -1.7622009e+01
  -1.7250829e+01
  -1.6851870e+01
  -1.6462911e+01
  -1.6132842e+01
  -1.5916106e+01
  -1.5862703e+01
  -1.6011522e+01
  -1.6379230e+01
  -1.6955828e+01
  -1.7699091e+01
  -1.8542354e+01
  -1.9396730e+01
  -2.0165549e+01
  -2.0755480e+01
  -2.1093188e+01
  -2.1136451e+01
  -2.0877493e+01
  -2.0349646e+01
  -1.9615132e+01
  -1.8765062e+01
  -1.7896103e+01
  -1.7101590e+01
  -1.6457076e+01
  -1.6009229e+01
  -1.5776937e+01
  -1.5749089e+01
  -1.5893464e+01
  -1.6167839e+01
  -1.6531102e+01
  -1.6946589e+01
  -1.7393186e+01
  -1.7858672e+01
  -1.8335269e+01
  -1.8815199e+01
  -1.9279574e+01
  -1.9697282e+01
  -2.0026102e+01
  -2.0216032e+01
  -2.0225962e+01
  -2.0033671e+01
  -1.9646934e+01
  -1.9109087e+01
  -1.8499018e+01
  -1.7920059e+01
  -1.7479990e+01
  -1.7274364e+01
  -1.7363183e+01
  -1.7756448e+01
  -1.8408600e+01
  -1.9227420e+01
  -2.0085128e+01
  -2.0848391e+01
  -2.1399433e+01
  -2.1660474e+01
  -2.1607071e+01
  -2.1273669e+01
  -2.0741377e+01
  -2.0124641e+01
  -1.9540127e+01
  -1.9091168e+01
  -1.8838877e+01
  -1.8798807e+01
  -1.8935404e+01
  -1.9173112e+01
  -1.9413042e+01
  -1.9554084e+01
  -1.9509570e+01
  -1.9230612e+01
  -1.8704987e+01
  -1.7967139e+01
  -1.7091514e+01
  -1.6172556e+01
  -1.5322486e+01
  -1.4640194e+01
  -1.4209013e+01
  -1.4076722e+01
  -1.4252208e+01
  -1.4706582e+01
  -1.5376513e+01
  -1.6179777e+01
  -1.7020819e+01
  -1.7810749e+01
  -1.8476234e+01
  -1.8969499e+01
  -1.9270540e+01
  -1.9389359e+01
  -1.9354846e+01
  -1.9213664e+01
  -1.9011373e+01
  -1.8793526e+01
  -1.8587900e+01
  -1.8408942e+01
  -1.8248872e+01
  -1.8086581e+01
  -1.7893178e+01
  -1.7639774e+01
  -1.7314150e+01
  -1.6920747e+01
  -1.6497344e+01
  -1.6110608e+01
  -1.5851649e+01
  -1.5817136e+01
  -1.6092621e+01
  -1.6718107e+01
  -1.7666927e+01
  -1.8815746e+01
  -1.9942343e+01
  -2.0728940e+01
  -2.0787759e+01
  -1.9708801e+01
  -1.7122064e+01
  -1.2755329e+01
  -6.4941478e+00
   1.5792552e+00
   1.1174880e+01
   2.1816061e+01
   3.2890576e+01
   4.3725089e+01
   5.3669603e+01
   6.2185228e+01
   6.8901964e+01
   7.3662034e+01
   7.6523214e+01
   7.7732173e+01
   7.7668909e+01
   7.6781201e+01
   7.5513493e+01
   7.4248007e+01
   7.3259188e+01
   7.2697036e+01
   7.2588216e+01
   7.2861619e+01
   7.3381688e+01
   7.3985091e+01
   7.4524050e+01
   7.4885230e+01
   7.5011967e+01
   7.4897591e+01
   7.4585439e+01
   7.4144398e+01
   7.3655578e+01
   7.3187870e+01
   7.2793494e+01
   7.2495787e+01
   7.2290301e+01
   7.2152592e+01
   7.2043773e+01
   7.1923843e+01
   7.1758357e+01
   7.1525093e+01
   7.1220718e+01
   7.0851899e+01
   7.0443080e+01
   7.0019816e+01
   6.9610997e+01
   6.9234399e+01
   6.8897802e+01
   6.8591206e+01
   6.8294608e+01
   6.7975789e+01
   6.7600303e+01
   6.7135928e+01
   6.6561553e+01
   6.5870511e+01
   6.5073914e+01
   6.4198429e+01
   6.3287387e+01
   6.2390790e+01
   6.1564192e+01
   6.0858707e+01
   6.0315443e+01
   5.9959957e+01
   5.9801138e+01
   5.9827874e+01
   6.0011277e+01
   6.0303569e+01
   6.0645860e+01
   6.0971486e+01
   6.1211556e+01
   6.1309402e+01
   6.1218361e+01
   6.0920652e+01
   6.0422944e+01
   5.9759681e+01
   5.8986417e+01
   5.8174264e+01
   5.7391000e+01
   5.6693292e+01
   5.6111140e+01
   5.5641209e+01
   5.5246834e+01
   5.4866904e+01
   5.4422529e+01
   5.3840377e+01
   5.3064890e+01
   5.2072738e+01
   5.0881697e+01
   4.9548432e+01
   4.8158502e+01
   4.6813016e+01
   4.5607530e+01
   4.4613156e+01
   4.3864336e+01
   4.3345517e+01
   4.3000031e+01
   4.2734544e+01
   4.2442392e+01
   4.2015794e+01
   4.1374753e+01
   4.0474823e+01
   3.9318226e+01
   3.7952740e+01
   3.6458364e+01
   3.4936212e+01
   3.3484060e+01
   3.2180796e+01
   3.1068643e+01
   3.0146491e+01
   2.9372116e+01
   2.8671074e+01
   2.7948921e+01
   2.7112324e+01
   2.6085728e+01
   2.4818019e+01
   2.3298089e+01
   2.1542602e+01
   1.9598228e+01
   1.7524964e+01
   1.5382811e+01
   1.3225103e+01
   1.1090728e+01
   9.0019090e+00
   6.9642008e+00
   4.9798259e+00
   3.0498954e+00
   1.1788539e+00
  -6.1552089e-01
  -2.3076736e+00
  -3.8687151e+00
  -5.2675344e+00
  -6.4841311e+00
  -7.5107289e+00
  -8.3551033e+00
  -9.0417011e+00
  -9.6071867e+00
  -1.0093783e+01
  -1.0544826e+01
  -1.1001422e+01
  -1.1493574e+01
  -1.2042394e+01
  -1.2657880e+01
  -1.3341144e+01
  -1.4077741e+01
  -1.4845449e+01
  -1.5609824e+01
  -1.6329754e+01
  -1.6955241e+01
  -1.7438504e+01
  -1.7735101e+01
  -1.7813921e+01
  -1.7667184e+01
  -1.7310449e+01
  -1.6788157e+01
  -1.6168087e+01
  -1.5536907e+01
  -1.4984614e+01
  -1.4592322e+01
  -1.4421142e+01
  -1.4496628e+01
  -1.4807670e+01
  -1.5304267e+01
  -1.5904197e+01
  -1.6508572e+01
  -1.7019613e+01
  -1.7348433e+01
  -1.7439474e+01
  -1.7276071e+01
  -1.6881558e+01
  -1.6318154e+01
  -1.5678084e+01
  -1.5064682e+01
  -1.4580168e+01
  -1.4306766e+01
  -1.4296696e+01
  -1.4559959e+01
  -1.5067668e+01
  -1.5752042e+01
  -1.6523084e+01
  -1.7277459e+01
  -1.7914056e+01
  -1.8352876e+01
  -1.8538361e+01
  -1.8453847e+01
  -1.8116000e+01
  -1.7572597e+01
  -1.6894750e+01
  -1.6163569e+01
  -1.5461277e+01
  -1.4858986e+01
  -1.4410027e+01
  -1.4145513e+01
  -1.4074332e+01
  -1.4182040e+01
  -1.4438638e+01
  -1.4798568e+01
  -1.5209610e+01
  -1.5620651e+01
  -1.5983914e+01
  -1.6266068e+01
  -1.6447109e+01
  -1.6524817e+01
  -1.6514748e+01
  -1.6444678e+01
  -1.6349053e+01
  -1.6264539e+01
  -1.6217802e+01
  -1.6228844e+01
  -1.6299886e+01
  -1.6424261e+01
  -1.6581969e+01
  -1.6747454e+01
  -1.6892941e+01
  -1.6992871e+01
  -1.7021690e+01
  -1.6964954e+01
  -1.6813773e+01
  -1.6569260e+01
  -1.6242523e+01
  -1.5858009e+01
  -1.5451273e+01
  -1.5063426e+01
  -1.4740023e+01
  -1.4523287e+01
  -1.4447661e+01
  -1.4526481e+01
  -1.4755300e+01
  -1.5105230e+01
  -1.5527383e+01
  -1.5955091e+01
  -1.6321689e+01
  -1.6561619e+01
  -1.6630438e+01
  -1.6505924e+01
  -1.6201410e+01
  -1.5756897e+01
  -1.5235716e+01
  -1.4718979e+01
  -1.4284466e+01
  -1.3997729e+01
  -1.3898771e+01
  -1.3999812e+01
  -1.4279742e+01
  -1.4693007e+01
  -1.5176270e+01
  -1.5659533e+01
  -1.6078353e+01
  -1.6382728e+01
  -1.6543770e+01
  -1.6551478e+01
  -1.6418074e+01
  -1.6174672e+01
  -1.5859047e+01
  -1.5520089e+01
  -1.5201130e+01
  -1.4942171e+01
  -1.4775436e+01
  -1.4716477e+01
  -1.4767518e+01
  -1.4918560e+01
  -1.5147379e+01
  -1.5422866e+01
  -1.5717240e+01
  -1.6003837e+01
  -1.6262657e+01
  -1.6485920e+01
  -1.6678073e+01
  -1.6845781e+01
  -1.7001267e+01
  -1.7150087e+01
  -1.7294461e+01
  -1.7422170e+01
  -1.7517656e+01
  -1.7559808e+01
  -1.7530850e+01
  -1.7421891e+01
  -1.7238488e+01
  -1.7000641e+01
  -1.6742793e+01
  -1.6503836e+01
  -1.6328210e+01
  -1.6251473e+01
  -1.6298071e+01
  -1.6475779e+01
  -1.6773488e+01
  -1.7162307e+01
  -1.7596681e+01
  -1.8022168e+01
  -1.8383209e+01
  -1.8625361e+01
  -1.8709737e+01
  -1.8616333e+01
  -1.8351820e+01
  -1.7946194e+01
  -1.7452791e+01
  -1.6942722e+01
  -1.6487097e+01
  -1.6152583e+01
  -1.5983624e+01
  -1.5992443e+01
  -1.6164597e+01
  -1.6450082e+01
  -1.6781123e+01
  -1.7079943e+01
  -1.7275429e+01
  -1.7317582e+01
  -1.7185290e+01
  -1.6894109e+01
  -1.6486262e+01
  -1.6028414e+01
  -1.5593901e+01
  -1.5248276e+01
  -1.5040428e+01
  -1.4991470e+01
  -1.5094733e+01
  -1.5320220e+01
  -1.5624594e+01
  -1.5962302e+01
  -1.6295567e+01
  -1.6599941e+01
  -1.6870982e+01
  -1.7116469e+01
  -1.7349732e+01
  -1.7585219e+01
  -1.7826260e+01
  -1.8063968e+01
  -1.8272788e+01
  -1.8419384e+01
  -1.8469316e+01
  -1.8394801e+01
  -1.8189176e+01
  -1.7865773e+01
  -1.7463481e+01
  -1.7042300e+01
  -1.6672231e+01
  -1.6419939e+01
  -1.6342092e+01
  -1.6470911e+01
  -1.6808619e+01
  -1.7329661e+01
  -1.7984036e+01
  -1.8706189e+01
  -1.9422786e+01
  -2.0066049e+01
  -2.0580424e+01
  -2.0923688e+01
  -2.1078062e+01
  -2.1043549e+01
  -2.0840146e+01
  -2.0501188e+01
  -2.0074451e+01
  -1.9614381e+01
  -1.9174312e+01
  -1.8804242e+01
  -1.8538618e+01
  -1.8394103e+01
  -1.8360700e+01
  -1.8406187e+01
  -1.8479450e+01
  -1.8516048e+01
  -1.8458200e+01
  -1.8261463e+01
  -1.7918061e+01
  -1.7456880e+01
  -1.6955699e+01
  -1.6523408e+01
  -1.6288893e+01
  -1.6374380e+01
  -1.6857643e+01
  -1.7744240e+01
  -1.8939727e+01
  -2.0236323e+01
  -2.1318477e+01
  -2.1788407e+01
  -2.1211670e+01
  -1.9178268e+01
  -1.5367087e+01
  -9.6059056e+00
  -1.9202810e+00
   7.4575664e+00
   1.8095413e+01
   2.9411039e+01
   4.0738887e+01
   5.1415622e+01
   6.0862359e+01
   6.8653539e+01
   7.4560276e+01
   7.8560346e+01
   8.0820414e+01
   8.1646040e+01
   8.1426110e+01
   8.0559512e+01
   7.9402916e+01
   7.8229651e+01
   7.7211943e+01
   7.6423124e+01
   7.5857638e+01
   7.5464374e+01
   7.5171110e+01
   7.4916736e+01
   7.4667917e+01
   7.4420208e+01
   7.4193611e+01
   7.4019236e+01
   7.3928194e+01
   7.3930487e+01
   7.4013889e+01
   7.4139514e+01
   7.4245140e+01
   7.4260764e+01
